 Sample   Time     Commanded 1 Pos   Encoder 3 Pos 

[    0    0.000               0               1;
     1    0.009            2000               1;
     2    0.018            2000               1;
     3    0.027            2000               1;
     4    0.035            2000              -1;
     5    0.044            2000              -3;
     6    0.053            2000              -6;
     7    0.062            2000              -8;
     8    0.071            2000             -11;
     9    0.080            2000             -14;
    10    0.089            2000             -18;
    11    0.097            2000             -22;
    12    0.106            2000             -26;
    13    0.115            2000             -30;
    14    0.124            2000             -35;
    15    0.133            2000             -40;
    16    0.142            2000             -46;
    17    0.151            2000             -51;
    18    0.159            2000             -57;
    19    0.168            2000             -63;
    20    0.177            2000             -70;
    21    0.186            2000             -77;
    22    0.195            2000             -84;
    23    0.204            2000             -91;
    24    0.213            2000             -99;
    25    0.221            2000            -107;
    26    0.230            2000            -115;
    27    0.239            2000            -124;
    28    0.248            2000            -133;
    29    0.257            2000            -142;
    30    0.266            2000            -151;
    31    0.274            2000            -161;
    32    0.283            2000            -170;
    33    0.292            2000            -181;
    34    0.301            2000            -191;
    35    0.310            2000            -202;
    36    0.319            2000            -213;
    37    0.328            2000            -224;
    38    0.336            2000            -235;
    39    0.345            2000            -247;
    40    0.354            2000            -259;
    41    0.363            2000            -271;
    42    0.372            2000            -284;
    43    0.381            2000            -297;
    44    0.390            2000            -310;
    45    0.398            2000            -323;
    46    0.407            2000            -337;
    47    0.416            2000            -351;
    48    0.425            2000            -365;
    49    0.434            2000            -380;
    50    0.443            2000            -395;
    51    0.452            2000            -410;
    52    0.460            2000            -425;
    53    0.469            2000            -441;
    54    0.478            2000            -456;
    55    0.487            2000            -473;
    56    0.496            2000            -489;
    57    0.505            2000            -506;
    58    0.514            2000            -523;
    59    0.522            2000            -540;
    60    0.531            2000            -558;
    61    0.540            2000            -576;
    62    0.549            2000            -594;
    63    0.558            2000            -613;
    64    0.567            2000            -632;
    65    0.576            2000            -651;
    66    0.584            2000            -670;
    67    0.593            2000            -690;
    68    0.602            2000            -710;
    69    0.611            2000            -730;
    70    0.620            2000            -751;
    71    0.629            2000            -772;
    72    0.638            2000            -793;
    73    0.646            2000            -815;
    74    0.655            2000            -837;
    75    0.664            2000            -859;
    76    0.673            2000            -881;
    77    0.682            2000            -904;
    78    0.691            2000            -927;
    79    0.699            2000            -951;
    80    0.708            2000            -974;
    81    0.717            2000            -998;
    82    0.726            2000           -1022;
    83    0.735            2000           -1047;
    84    0.744            2000           -1072;
    85    0.753            2000           -1097;
    86    0.761            2000           -1123;
    87    0.770            2000           -1149;
    88    0.779            2000           -1175;
    89    0.788            2000           -1201;
    90    0.797            2000           -1228;
    91    0.806            2000           -1255;
    92    0.815            2000           -1282;
    93    0.823            2000           -1310;
    94    0.832            2000           -1338;
    95    0.841            2000           -1366;
    96    0.850            2000           -1394;
    97    0.859            2000           -1423;
    98    0.868            2000           -1451;
    99    0.877            2000           -1480;
   100    0.885            2000           -1510;
   101    0.894            2000           -1539;
   102    0.903            2000           -1569;
   103    0.912            2000           -1599;
   104    0.921            2000           -1629;
   105    0.930            2000           -1660;
   106    0.939            2000           -1690;
   107    0.947            2000           -1721;
   108    0.956            2000           -1753;
   109    0.965            2000           -1784;
   110    0.974            2000           -1816;
   111    0.983            2000           -1847;
   112    0.992            2000           -1880;
   113    1.001            2000           -1912;
   114    1.009            2000           -1945;
   115    1.018            2000           -1978;
   116    1.027            2000           -2011;
   117    1.036            2000           -2045;
   118    1.045            2000           -2078;
   119    1.054            2000           -2112;
   120    1.063            2000           -2147;
   121    1.071            2000           -2181;
   122    1.080            2000           -2216;
   123    1.089            2000           -2251;
   124    1.098            2000           -2286;
   125    1.107            2000           -2321;
   126    1.116            2000           -2356;
   127    1.124            2000           -2392;
   128    1.133            2000           -2428;
   129    1.142            2000           -2464;
   130    1.151            2000           -2500;
   131    1.160            2000           -2537;
   132    1.169            2000           -2574;
   133    1.178            2000           -2611;
   134    1.186            2000           -2648;
   135    1.195            2000           -2685;
   136    1.204            2000           -2723;
   137    1.213            2000           -2761;
   138    1.222            2000           -2799;
   139    1.231            2000           -2838;
   140    1.240            2000           -2876;
   141    1.248            2000           -2915;
   142    1.257            2000           -2954;
   143    1.266            2000           -2994;
   144    1.275            2000           -3034;
   145    1.284            2000           -3074;
   146    1.293            2000           -3114;
   147    1.302            2000           -3155;
   148    1.310            2000           -3196;
   149    1.319            2000           -3238;
   150    1.328            2000           -3279;
   151    1.337            2000           -3321;
   152    1.346            2000           -3362;
   153    1.355            2000           -3404;
   154    1.364            2000           -3447;
   155    1.372            2000           -3489;
   156    1.381            2000           -3531;
   157    1.390            2000           -3573;
   158    1.399            2000           -3615;
   159    1.408            2000           -3657;
   160    1.417            2000           -3700;
   161    1.426            2000           -3743;
   162    1.434            2000           -3787;
   163    1.443            2000           -3831;
   164    1.452            2000           -3875;
   165    1.461            2000           -3918;
   166    1.470            2000           -3962;
   167    1.479            2000           -4007;
   168    1.488            2000           -4052;
   169    1.496            2000           -4097;
   170    1.505            2000           -4142;
   171    1.514            2000           -4187;
   172    1.523            2000           -4233;
   173    1.532            2000           -4279;
   174    1.541            2000           -4325;
   175    1.549            2000           -4372;
   176    1.558            2000           -4418;
   177    1.567            2000           -4465;
   178    1.576            2000           -4512;
   179    1.585            2000           -4559;
   180    1.594            2000           -4607;
   181    1.603            2000           -4655;
   182    1.611            2000           -4703;
   183    1.620            2000           -4751;
   184    1.629            2000           -4799;
   185    1.638            2000           -4848;
   186    1.647            2000           -4898;
   187    1.656            2000           -4947;
   188    1.665            2000           -4997;
   189    1.673            2000           -5047;
   190    1.682            2000           -5097;
   191    1.691            2000           -5148;
   192    1.700            2000           -5198;
   193    1.709            2000           -5250;
   194    1.718            2000           -5301;
   195    1.727            2000           -5353;
   196    1.735            2000           -5404;
   197    1.744            2000           -5456;
   198    1.753            2000           -5509;
   199    1.762            2000           -5561;
   200    1.771            2000           -5614;
   201    1.780            2000           -5667;
   202    1.789            2000           -5720;
   203    1.797            2000           -5774;
   204    1.806            2000           -5827;
   205    1.815            2000           -5881;
   206    1.824            2000           -5936;
   207    1.833            2000           -5990;
   208    1.842            2000           -6045;
   209    1.851            2000           -6100;
   210    1.859            2000           -6155;
   211    1.868            2000           -6211;
   212    1.877            2000           -6267;
   213    1.886            2000           -6323;
   214    1.895            2000           -6380;
   215    1.904            2000           -6436;
   216    1.913            2000           -6494;
   217    1.921            2000           -6551;
   218    1.930            2000           -6608;
   219    1.939            2000           -6666;
   220    1.948            2000           -6724;
   221    1.957            2000           -6783;
   222    1.966            2000           -6842;
   223    1.974            2000           -6901;
   224    1.983            2000           -6960;
   225    1.992            2000           -7020;
   226    2.001            2000           -7080;
   227    2.010            2000           -7140;
   228    2.019            2000           -7201;
   229    2.028            2000           -7262;
   230    2.036            2000           -7323;
   231    2.045            2000           -7385;
   232    2.054            2000           -7447;
   233    2.063            2000           -7509;
   234    2.072            2000           -7571;
   235    2.081            2000           -7634;
   236    2.090            2000           -7698;
   237    2.098            2000           -7761;
   238    2.107            2000           -7825;
   239    2.116            2000           -7889;
   240    2.125            2000           -7954;
   241    2.134            2000           -8019;
   242    2.143            2000           -8084;
   243    2.152            2000           -8150;
   244    2.160            2000           -8216;
   245    2.169            2000           -8282;
   246    2.178            2000           -8349;
   247    2.187            2000           -8416;
   248    2.196            2000           -8483;
   249    2.205            2000           -8551;
   250    2.214            2000           -8619;
   251    2.222            2000           -8687;
   252    2.231            2000           -8756;
   253    2.240            2000           -8825;
   254    2.249            2000           -8893;
   255    2.258            2000           -8963;
   256    2.267            2000           -9034;
   257    2.276            2000           -9105;
   258    2.284            2000           -9176;
   259    2.293            2000           -9249;
   260    2.302            2000           -9321;
   261    2.311            2000           -9394;
   262    2.320            2000           -9467;
   263    2.329            2000           -9540;
   264    2.338            2000           -9614;
   265    2.346            2000           -9688;
   266    2.355            2000           -9762;
   267    2.364            2000           -9837;
   268    2.373            2000           -9912;
   269    2.382            2000           -9987;
   270    2.391            2000          -10063;
   271    2.399            2000          -10140;
   272    2.408            2000          -10216;
   273    2.417            2000          -10293;
   274    2.426            2000          -10371;
   275    2.435            2000          -10449;
   276    2.444            2000          -10527;
   277    2.453            2000          -10606;
   278    2.461            2000          -10685;
   279    2.470            2000          -10764;
   280    2.479            2000          -10844;
   281    2.488            2000          -10925;
   282    2.497            2000          -11006;
   283    2.506            2000          -11087;
   284    2.515            2000          -11169;
   285    2.523            2000          -11251;
   286    2.532            2000          -11334;
   287    2.541            2000          -11418;
   288    2.550            2000          -11501;
   289    2.559            2000          -11585;
   290    2.568            2000          -11670;
   291    2.577            2000          -11755;
   292    2.585            2000          -11840;
   293    2.594            2000          -11926;
   294    2.603            2000          -12013;
   295    2.612            2000          -12099;
   296    2.621            2000          -12187;
   297    2.630            2000          -12275;
   298    2.639            2000          -12363;
   299    2.647            2000          -12451;
   300    2.656            2000          -12540;
   301    2.665            2000          -12630;
   302    2.674            2000          -12720;
   303    2.683            2000          -12810;
   304    2.692            2000          -12901;
   305    2.701            2000          -12992;
   306    2.709            2000          -13084;
   307    2.718            2000          -13176;
   308    2.727            2000          -13269;
   309    2.736            2000          -13362;
   310    2.745            2000          -13455;
   311    2.754            2000          -13550;
   312    2.763            2000          -13644;
   313    2.771            2000          -13739;
   314    2.780            2000          -13834;
   315    2.789            2000          -13930;
   316    2.798            2000          -14026;
   317    2.807            2000          -14123;
   318    2.816            2000          -14219;
   319    2.824            2000          -14317;
   320    2.833            2000          -14414;
   321    2.842            2000          -14513;
   322    2.851            2000          -14611;
   323    2.860            2000          -14710;
   324    2.869            2000          -14809;
   325    2.878            2000          -14909;
   326    2.886            2000          -15009;
   327    2.895            2000          -15109;
   328    2.904            2000          -15210;
   329    2.913            2000          -15311;
   330    2.922            2000          -15412;
   331    2.931            2000          -15514;
   332    2.940            2000          -15617;
   333    2.948            2000          -15719;
   334    2.957            2000          -15822;
   335    2.966            2000          -15925;
   336    2.975            2000          -16028;
   337    2.984            2000          -16132;
   338    2.993            2000          -16236;
   339    3.002            2000          -16340;
   340    3.010               0          -16444;
   341    3.019               0          -16547;
   342    3.028               0          -16651;
   343    3.037               0          -16754;
   344    3.046               0          -16857;
   345    3.055               0          -16959;
   346    3.064               0          -17061;
   347    3.072               0          -17163;
   348    3.081               0          -17264;
   349    3.090               0          -17365;
   350    3.099               0          -17466;
   351    3.108               0          -17566;
   352    3.117               0          -17666;
   353    3.126               0          -17765;
   354    3.134               0          -17864;
   355    3.143               0          -17963;
   356    3.152               0          -18061;
   357    3.161               0          -18159;
   358    3.170               0          -18256;
   359    3.179               0          -18353;
   360    3.188               0          -18449;
   361    3.196               0          -18545;
   362    3.205               0          -18640;
   363    3.214               0          -18735;
   364    3.223               0          -18829;
   365    3.232               0          -18923;
   366    3.241               0          -19017;
   367    3.249               0          -19110;
   368    3.258               0          -19203;
   369    3.267               0          -19295;
   370    3.276               0          -19386;
   371    3.285               0          -19477;
   372    3.294               0          -19568;
   373    3.303               0          -19658;
   374    3.311               0          -19746;
   375    3.320               0          -19835;
   376    3.329               0          -19923;
   377    3.338               0          -20012;
   378    3.347               0          -20101;
   379    3.356               0          -20189;
   380    3.365               0          -20276;
   381    3.373               0          -20363;
   382    3.382               0          -20449;
   383    3.391               0          -20535;
   384    3.400               0          -20621;
   385    3.409               0          -20706;
   386    3.418               0          -20791;
   387    3.427               0          -20875;
   388    3.435               0          -20958;
   389    3.444               0          -21042;
   390    3.453               0          -21125;
   391    3.462               0          -21207;
   392    3.471               0          -21290;
   393    3.480               0          -21371;
   394    3.489               0          -21452;
   395    3.497               0          -21533;
   396    3.506               0          -21614;
   397    3.515               0          -21694;
   398    3.524               0          -21774;
   399    3.533               0          -21853;
   400    3.542               0          -21932;
   401    3.551               0          -22011;
   402    3.559               0          -22090;
   403    3.568               0          -22168;
   404    3.577               0          -22245;
   405    3.586               0          -22322;
   406    3.595               0          -22399;
   407    3.604               0          -22475;
   408    3.613               0          -22550;
   409    3.621               0          -22625;
   410    3.630               0          -22700;
   411    3.639               0          -22774;
   412    3.648               0          -22848;
   413    3.657               0          -22922;
   414    3.666               0          -22995;
   415    3.674               0          -23067;
   416    3.683               0          -23140;
   417    3.692               0          -23212;
   418    3.701               0          -23283;
   419    3.710               0          -23354;
   420    3.719               0          -23425;
   421    3.728               0          -23496;
   422    3.736               0          -23566;
   423    3.745               0          -23636;
   424    3.754               0          -23706;
   425    3.763               0          -23775;
   426    3.772               0          -23844;
   427    3.781               0          -23913;
   428    3.790               0          -23981;
   429    3.798               0          -24049;
   430    3.807               0          -24117;
   431    3.816               0          -24184;
   432    3.825               0          -24251;
   433    3.834               0          -24318;
   434    3.843               0          -24385;
   435    3.852               0          -24451;
   436    3.860               0          -24516;
   437    3.869               0          -24582;
   438    3.878               0          -24647;
   439    3.887               0          -24712;
   440    3.896               0          -24776;
   441    3.905               0          -24841;
   442    3.914               0          -24904;
   443    3.922               0          -24967;
   444    3.931               0          -25030;
   445    3.940               0          -25093;
   446    3.949               0          -25156;
   447    3.958               0          -25218;
   448    3.967               0          -25281;
   449    3.976               0          -25343;
   450    3.984               0          -25404;
   451    3.993               0          -25466;
   452    4.002               0          -25527;
   453    4.011               0          -25588;
   454    4.020               0          -25648;
   455    4.029               0          -25709;
   456    4.038               0          -25769;
   457    4.046               0          -25829;
   458    4.055               0          -25889;
   459    4.064               0          -25949;
   460    4.073               0          -26008;
   461    4.082               0          -26067;
   462    4.091               0          -26126;
   463    4.099               0          -26185;
   464    4.108               0          -26243;
   465    4.117               0          -26302;
   466    4.126               0          -26359;
   467    4.135               0          -26417;
   468    4.144               0          -26475;
   469    4.153               0          -26532;
   470    4.161               0          -26588;
   471    4.170               0          -26645;
   472    4.179               0          -26702;
   473    4.188               0          -26758;
   474    4.197               0          -26814;
   475    4.206               0          -26870;
   476    4.215               0          -26925;
   477    4.223               0          -26980;
   478    4.232               0          -27035;
   479    4.241               0          -27090;
   480    4.250               0          -27145;
   481    4.259               0          -27199;
   482    4.268               0          -27254;
   483    4.277               0          -27308;
   484    4.285               0          -27361;
   485    4.294               0          -27415;
   486    4.303               0          -27469;
   487    4.312               0          -27522;
   488    4.321               0          -27576;
   489    4.330               0          -27629;
   490    4.339               0          -27682;
   491    4.347               0          -27734;
   492    4.356               0          -27787;
   493    4.365               0          -27839;
   494    4.374               0          -27890;
   495    4.383               0          -27942;
   496    4.392               0          -27993;
   497    4.401               0          -28043;
   498    4.409               0          -28094;
   499    4.418               0          -28144;
   500    4.427               0          -28194;
   501    4.436               0          -28244;
   502    4.445               0          -28293;
   503    4.454               0          -28342;
   504    4.463               0          -28391;
   505    4.471               0          -28440;
   506    4.480               0          -28489;
   507    4.489               0          -28537;
   508    4.498               0          -28585;
   509    4.507               0          -28633;
   510    4.516               0          -28680;
   511    4.524               0          -28728;
   512    4.533               0          -28775;
   513    4.542               0          -28822;
   514    4.551               0          -28869;
   515    4.560               0          -28915;
   516    4.569               0          -28962;
   517    4.578               0          -29008;
   518    4.586               0          -29054;
   519    4.595               0          -29100;
   520    4.604               0          -29145;
   521    4.613               0          -29191;
   522    4.622               0          -29236;
   523    4.631               0          -29281;
   524    4.640               0          -29325;
   525    4.648               0          -29370;
   526    4.657               0          -29414;
   527    4.666               0          -29458;
   528    4.675               0          -29502;
   529    4.684               0          -29545;
   530    4.693               0          -29589;
   531    4.702               0          -29632;
   532    4.710               0          -29675;
   533    4.719               0          -29717;
   534    4.728               0          -29759;
   535    4.737               0          -29802;
   536    4.746               0          -29843;
   537    4.755               0          -29885;
   538    4.764               0          -29926;
   539    4.772               0          -29967;
   540    4.781               0          -30009;
   541    4.790               0          -30049;
   542    4.799               0          -30090;
   543    4.808               0          -30130;
   544    4.817               0          -30170;
   545    4.826               0          -30210;
   546    4.834               0          -30249;
   547    4.843               0          -30289;
   548    4.852               0          -30327;
   549    4.861               0          -30366;
   550    4.870               0          -30405;
   551    4.879               0          -30443;
   552    4.888               0          -30481;
   553    4.896               0          -30518;
   554    4.905               0          -30555;
   555    4.914               0          -30593;
   556    4.923               0          -30630;
   557    4.932               0          -30666;
   558    4.941               0          -30703;
   559    4.949               0          -30739;
   560    4.958               0          -30775;
   561    4.967               0          -30810;
   562    4.976               0          -30846;
   563    4.985               0          -30881;
   564    4.994               0          -30916;
   565    5.003               0          -30951;
   566    5.011               0          -30985;
   567    5.020               0          -31020;
   568    5.029               0          -31054;
   569    5.038               0          -31087;
   570    5.047               0          -31121;
   571    5.056               0          -31154;
   572    5.065               0          -31187;
   573    5.073               0          -31220;
   574    5.082               0          -31252;
   575    5.091               0          -31284;
   576    5.100               0          -31316;
   577    5.109               0          -31347;
   578    5.118               0          -31378;
   579    5.127               0          -31409;
   580    5.135               0          -31439;
   581    5.144               0          -31470;
   582    5.153               0          -31499;
   583    5.162               0          -31529;
   584    5.171               0          -31558;
   585    5.180               0          -31586;
   586    5.189               0          -31615;
   587    5.197               0          -31643;
   588    5.206               0          -31671;
   589    5.215               0          -31698;
   590    5.224               0          -31725;
   591    5.233               0          -31752;
   592    5.242               0          -31779;
   593    5.251               0          -31805;
   594    5.259               0          -31831;
   595    5.268               0          -31856;
   596    5.277               0          -31882;
   597    5.286               0          -31907;
   598    5.295               0          -31931;
   599    5.304               0          -31955;
   600    5.313               0          -31979;
   601    5.321               0          -32003;
   602    5.330               0          -32026;
   603    5.339               0          -32049;
   604    5.348               0          -32071;
   605    5.357               0          -32094;
   606    5.366               0          -32116;
   607    5.374               0          -32137;
   608    5.383               0          -32159;
   609    5.392               0          -32179;
   610    5.401               0          -32200;
   611    5.410               0          -32221;
   612    5.419               0          -32241;
   613    5.428               0          -32261;
   614    5.436               0          -32280;
   615    5.445               0          -32299;
   616    5.454               0          -32319;
   617    5.463               0          -32337;
   618    5.472               0          -32356;
   619    5.481               0          -32374;
   620    5.490               0          -32391;
   621    5.498               0          -32409;
   622    5.507               0          -32426;
   623    5.516               0          -32443;
   624    5.525               0          -32459;
   625    5.534               0          -32475;
   626    5.543               0          -32491;
   627    5.552               0          -32506;
   628    5.560               0          -32520;
   629    5.569               0          -32534;
   630    5.578               0          -32548;
   631    5.587               0          -32561;
   632    5.596               0          -32573;
   633    5.605               0          -32585;
   634    5.614               0          -32597;
   635    5.622               0          -32608;
   636    5.631               0          -32619;
   637    5.640               0          -32629;
   638    5.649               0          -32639;
   639    5.658               0          -32648;
   640    5.667               0          -32658;
   641    5.676               0          -32666;
   642    5.684               0          -32674;
   643    5.693               0          -32682;
   644    5.702               0          -32689;
   645    5.711               0          -32696;
   646    5.720               0          -32702;
   647    5.729               0          -32708;
   648    5.738               0          -32714;
   649    5.746               0          -32719;
   650    5.755               0          -32724;
   651    5.764               0          -32729;
   652    5.773               0          -32733;
   653    5.782               0          -32737;
   654    5.791               0          -32740;
   655    5.799               0          -32743;
   656    5.808               0          -32746;
   657    5.817               0          -32748;
   658    5.826               0          -32750;
   659    5.835               0          -32751;
   660    5.844               0          -32752;
   661    5.853               0          -32753;
   662    5.861               0          -32753;
   663    5.870               0          -32753;
   664    5.879               0          -32753;
   665    5.888               0          -32753;
   666    5.897               0          -32753;
   667    5.906               0          -32751;
   668    5.915               0          -32748;
   669    5.923               0          -32746;
   670    5.932               0          -32744;
   671    5.941               0          -32741;
   672    5.950               0          -32737;
   673    5.959               0          -32734;
   674    5.968               0          -32730;
   675    5.977               0          -32725;
   676    5.985               0          -32721;
   677    5.994               0          -32716]
