 Sample   Time     Commanded 1 Pos   Encoder 3 Pos 

[    0    0.000               0               1;
     1    0.044            2000              11;
     2    0.089            2000              48;
     3    0.133            2000             112;
     4    0.177            2000             203;
     5    0.221            2000             319;
     6    0.266            2000             460;
     7    0.310            2000             626;
     8    0.354            2000             808;
     9    0.398            2000             991;
    10    0.443            2000            1160;
    11    0.487            2000            1311;
    12    0.531            2000            1441;
    13    0.576            2000            1552;
    14    0.620            2000            1644;
    15    0.664            2000            1721;
    16    0.708            2000            1783;
    17    0.753            2000            1833;
    18    0.797            2000            1873;
    19    0.841            2000            1906;
    20    0.885            2000            1931;
    21    0.930            2000            1951;
    22    0.974            2000            1967;
    23    1.018            2000            1979;
    24    1.063            2000            1988;
    25    1.107            2000            1995;
    26    1.151            2000            2001;
    27    1.195            2000            2005;
    28    1.240            2000            2009;
    29    1.284            2000            2011;
    30    1.328            2000            2013;
    31    1.372            2000            2014;
    32    1.417            2000            2015;
    33    1.461            2000            2016;
    34    1.505            2000            2016;
    35    1.549            2000            2017;
    36    1.594            2000            2018;
    37    1.638            2000            2018;
    38    1.682            2000            2018;
    39    1.727            2000            2018;
    40    1.771            2000            2018;
    41    1.815            2000            2019;
    42    1.859            2000            2019;
    43    1.904            2000            2019;
    44    1.948            2000            2019;
    45    1.992            2000            2019;
    46    2.036            2000            2020;
    47    2.081            2000            2020;
    48    2.125            2000            2020;
    49    2.169            2000            2020;
    50    2.214            2000            2020;
    51    2.258            2000            2020;
    52    2.302            2000            2020;
    53    2.346            2000            2020;
    54    2.391            2000            2020;
    55    2.435            2000            2021;
    56    2.479            2000            2021;
    57    2.523            2000            2021;
    58    2.568            2000            2021;
    59    2.612            2000            2021;
    60    2.656            2000            2021;
    61    2.701            2000            2021;
    62    2.745            2000            2021;
    63    2.789            2000            2021;
    64    2.833            2000            2021;
    65    2.878            2000            2021;
    66    2.922            2000            2021;
    67    2.966            2000            2021;
    68    3.010               0            2021;
    69    3.055               0            1987;
    70    3.099               0            1890;
    71    3.143               0            1732;
    72    3.188               0            1533;
    73    3.232               0            1322;
    74    3.276               0            1119;
    75    3.320               0             934;
    76    3.365               0             770;
    77    3.409               0             630;
    78    3.453               0             511;
    79    3.497               0             412;
    80    3.542               0             331;
    81    3.586               0             265;
    82    3.630               0             212;
    83    3.674               0             170;
    84    3.719               0             137;
    85    3.763               0             110;
    86    3.807               0              89;
    87    3.852               0              73;
    88    3.896               0              60;
    89    3.940               0              51;
    90    3.984               0              43;
    91    4.029               0              37;
    92    4.073               0              33;
    93    4.117               0              29;
    94    4.161               0              26;
    95    4.206               0              24;
    96    4.250               0              23;
    97    4.294               0              21;
    98    4.339               0              20;
    99    4.383               0              20;
   100    4.427               0              19;
   101    4.471               0              18;
   102    4.516               0              18;
   103    4.560               0              18;
   104    4.604               0              16;
   105    4.648               0              16;
   106    4.693               0              16;
   107    4.737               0              16;
   108    4.781               0              16;
   109    4.826               0              16;
   110    4.870               0              16;
   111    4.914               0              15;
   112    4.958               0              15;
   113    5.003               0              14;
   114    5.047               0              14;
   115    5.091               0              14;
   116    5.135               0              14;
   117    5.180               0              14;
   118    5.224               0              14;
   119    5.268               0              14;
   120    5.313               0              14;
   121    5.357               0              13;
   122    5.401               0              13;
   123    5.445               0              13;
   124    5.490               0              13;
   125    5.534               0              13;
   126    5.578               0              13;
   127    5.622               0              13;
   128    5.667               0              13;
   129    5.711               0              13;
   130    5.755               0              13;
   131    5.799               0              13;
   132    5.844               0              13;
   133    5.888               0              12;
   134    5.932               0              12;
   135    5.977               0              12;
   136    6.021           -2000              11;
   137    6.065           -2000             -35;
   138    6.109           -2000            -140;
   139    6.154           -2000            -301;
   140    6.198           -2000            -503;
   141    6.242           -2000            -715;
   142    6.286           -2000            -919;
   143    6.331           -2000           -1105;
   144    6.375           -2000           -1269;
   145    6.419           -2000           -1410;
   146    6.464           -2000           -1529;
   147    6.508           -2000           -1627;
   148    6.552           -2000           -1708;
   149    6.596           -2000           -1774;
   150    6.641           -2000           -1827;
   151    6.685           -2000           -1869;
   152    6.729           -2000           -1902;
   153    6.773           -2000           -1928;
   154    6.818           -2000           -1949;
   155    6.862           -2000           -1966;
   156    6.906           -2000           -1978;
   157    6.951           -2000           -1988;
   158    6.995           -2000           -1995;
   159    7.039           -2000           -2001;
   160    7.083           -2000           -2005;
   161    7.128           -2000           -2009;
   162    7.172           -2000           -2011;
   163    7.216           -2000           -2013;
   164    7.260           -2000           -2014;
   165    7.305           -2000           -2016;
   166    7.349           -2000           -2016;
   167    7.393           -2000           -2017;
   168    7.438           -2000           -2018;
   169    7.482           -2000           -2018;
   170    7.526           -2000           -2018;
   171    7.570           -2000           -2019;
   172    7.615           -2000           -2020;
   173    7.659           -2000           -2020;
   174    7.703           -2000           -2020;
   175    7.747           -2000           -2020;
   176    7.792           -2000           -2020;
   177    7.836           -2000           -2020;
   178    7.880           -2000           -2020;
   179    7.924           -2000           -2020;
   180    7.969           -2000           -2020;
   181    8.013           -2000           -2021;
   182    8.057           -2000           -2021;
   183    8.102           -2000           -2021;
   184    8.146           -2000           -2021;
   185    8.190           -2000           -2021;
   186    8.234           -2000           -2021;
   187    8.279           -2000           -2021;
   188    8.323           -2000           -2021;
   189    8.367           -2000           -2021;
   190    8.411           -2000           -2021;
   191    8.456           -2000           -2021;
   192    8.500           -2000           -2021;
   193    8.544           -2000           -2021;
   194    8.589           -2000           -2021;
   195    8.633           -2000           -2021;
   196    8.677           -2000           -2021;
   197    8.721           -2000           -2021;
   198    8.766           -2000           -2021;
   199    8.810           -2000           -2021;
   200    8.854           -2000           -2021;
   201    8.898           -2000           -2021;
   202    8.943           -2000           -2021;
   203    8.987           -2000           -2021;
   204    9.031               0           -2018;
   205    9.076               0           -1988;
   206    9.120               0           -1928;
   207    9.164               0           -1838;
   208    9.208               0           -1720;
   209    9.253               0           -1573;
   210    9.297               0           -1398;
   211    9.341               0           -1209;
   212    9.385               0           -1024;
   213    9.430               0            -853;
   214    9.474               0            -702;
   215    9.518               0            -572;
   216    9.563               0            -461;
   217    9.607               0            -369;
   218    9.651               0            -293;
   219    9.695               0            -232;
   220    9.740               0            -182;
   221    9.784               0            -142;
   222    9.828               0            -110;
   223    9.872               0             -85;
   224    9.917               0             -65;
   225    9.961               0             -50;
   226   10.005               0             -38;
   227   10.049               0             -28;
   228   10.094               0             -21;
   229   10.138               0             -15;
   230   10.182               0             -11;
   231   10.227               0              -8;
   232   10.271               0              -5;
   233   10.315               0              -2;
   234   10.359               0              -1;
   235   10.404               0              -0;
   236   10.448               0               1;
   237   10.492               0               2;
   238   10.536               0               2;
   239   10.581               0               2;
   240   10.625               0               3;
   241   10.669               0               4;
   242   10.714               0               4;
   243   10.758               0               4;
   244   10.802               0               4;
   245   10.846               0               5;
   246   10.891               0               5;
   247   10.935               0               5;
   248   10.979               0               5;
   249   11.023               0               6;
   250   11.068               0               6;
   251   11.112               0               6;
   252   11.156               0               6;
   253   11.201               0               6;
   254   11.245               0               6;
   255   11.289               0               6;
   256   11.333               0               6;
   257   11.378               0               7;
   258   11.422               0               7;
   259   11.466               0               7;
   260   11.510               0               7;
   261   11.555               0               7;
   262   11.599               0               7;
   263   11.643               0               7;
   264   11.688               0               7;
   265   11.732               0               8;
   266   11.776               0               8;
   267   11.820               0               8;
   268   11.865               0               8;
   269   11.909               0               8;
   270   11.953               0               8;
   271   11.997               0               8;
   272   12.042            2000              13;
   273   12.086            2000              44;
   274   12.130            2000             101;
   275   12.174            2000             183;
   276   12.219            2000             291;
   277   12.263            2000             423;
   278   12.307            2000             580;
   279   12.352            2000             758;
   280   12.396            2000             941;
   281   12.440            2000            1116;
   282   12.484            2000            1275;
   283   12.529            2000            1414;
   284   12.573            2000            1532;
   285   12.617            2000            1632;
   286   12.661            2000            1715;
   287   12.706            2000            1783;
   288   12.750            2000            1838;
   289   12.794            2000            1882;
   290   12.839            2000            1917;
   291   12.883            2000            1946;
   292   12.927            2000            1968;
   293   12.971            2000            1985;
   294   13.016            2000            1998;
   295   13.060            2000            2009;
   296   13.104            2000            2017;
   297   13.148            2000            2023;
   298   13.193            2000            2028;
   299   13.237            2000            2031;
   300   13.281            2000            2034;
   301   13.326            2000            2036;
   302   13.370            2000            2038;
   303   13.414            2000            2038;
   304   13.458            2000            2039;
   305   13.503            2000            2039;
   306   13.547            2000            2040;
   307   13.591            2000            2041;
   308   13.635            2000            2041;
   309   13.680            2000            2041;
   310   13.724            2000            2041;
   311   13.768            2000            2041;
   312   13.813            2000            2041;
   313   13.857            2000            2042;
   314   13.901            2000            2042;
   315   13.945            2000            2042;
   316   13.990            2000            2042;
   317   14.034            2000            2043;
   318   14.078            2000            2043;
   319   14.122            2000            2043;
   320   14.167            2000            2043;
   321   14.211            2000            2043;
   322   14.255            2000            2043;
   323   14.299            2000            2043;
   324   14.344            2000            2043;
   325   14.388            2000            2043;
   326   14.432            2000            2043;
   327   14.477            2000            2043;
   328   14.521            2000            2043;
   329   14.565            2000            2043;
   330   14.609            2000            2043;
   331   14.654            2000            2043;
   332   14.698            2000            2043;
   333   14.742            2000            2043;
   334   14.786            2000            2043;
   335   14.831            2000            2043;
   336   14.875            2000            2043;
   337   14.919            2000            2043;
   338   14.964            2000            2043;
   339   15.008            2000            2043;
   340   15.052               0            2020;
   341   15.096               0            1935;
   342   15.141               0            1788;
   343   15.185               0            1595;
   344   15.229               0            1384;
   345   15.273               0            1179;
   346   15.318               0             990;
   347   15.362               0             822;
   348   15.406               0             677;
   349   15.451               0             554;
   350   15.495               0             452;
   351   15.539               0             368;
   352   15.583               0             299;
   353   15.628               0             244;
   354   15.672               0             199;
   355   15.716               0             164;
   356   15.760               0             136;
   357   15.805               0             114;
   358   15.849               0              96;
   359   15.893               0              83;
   360   15.938               0              72;
   361   15.982               0              64;
   362   16.026               0              58;
   363   16.070               0              53;
   364   16.115               0              49;
   365   16.159               0              45;
   366   16.203               0              43;
   367   16.247               0              41;
   368   16.292               0              40;
   369   16.336               0              38;
   370   16.380               0              37;
   371   16.424               0              37;
   372   16.469               0              35;
   373   16.513               0              34;
   374   16.557               0              34;
   375   16.602               0              34;
   376   16.646               0              33;
   377   16.690               0              33;
   378   16.734               0              32;
   379   16.779               0              32;
   380   16.823               0              31;
   381   16.867               0              31;
   382   16.911               0              31;
   383   16.956               0              31;
   384   17.000               0              31;
   385   17.044               0              30;
   386   17.089               0              29;
   387   17.133               0              29;
   388   17.177               0              29;
   389   17.221               0              29;
   390   17.266               0              29;
   391   17.310               0              29;
   392   17.354               0              29;
   393   17.398               0              29;
   394   17.443               0              29;
   395   17.487               0              29;
   396   17.531               0              29;
   397   17.576               0              29;
   398   17.620               0              28;
   399   17.664               0              28;
   400   17.708               0              28;
   401   17.753               0              28;
   402   17.797               0              27;
   403   17.841               0              27;
   404   17.885               0              27;
   405   17.930               0              27]
