 Sample   Time     Commanded 2 Pos  Encoder 4 Pos   Control Effort 2

[    0    0.000               0               2          0.0000;
     1    0.044            2000               0          2.0006;
     2    0.089            2000             -28          2.0006;
     3    0.133            2000            -101          2.0006;
     4    0.177            2000            -213          2.0006;
     5    0.221            2000            -340          2.0006;
     6    0.266            2000            -451          2.0006;
     7    0.310            2000            -526          2.0006;
     8    0.354            2000            -564          2.0006;
     9    0.398            2000            -582          2.0006;
    10    0.443            2000            -609          2.0006;
    11    0.487            2000            -665          2.0006;
    12    0.531            2000            -755          2.0006;
    13    0.576            2000            -866          2.0006;
    14    0.620            2000            -976          2.0006;
    15    0.664            2000           -1063          2.0006;
    16    0.708            2000           -1120          2.0006;
    17    0.753            2000           -1155          2.0006;
    18    0.797            2000           -1188          2.0006;
    19    0.841            2000           -1238          2.0006;
    20    0.885            2000           -1312          2.0006;
    21    0.930            2000           -1407          2.0006;
    22    0.974            2000           -1506          2.0006;
    23    1.018            2000           -1595          2.0006;
    24    1.063            2000           -1663          2.0006;
    25    1.107            2000           -1713          2.0006;
    26    1.151            2000           -1759          2.0006;
    27    1.195            2000           -1811          2.0006;
    28    1.240            2000           -1878          2.0006;
    29    1.284            2000           -1958          2.0006;
    30    1.328            2000           -2045          2.0006;
    31    1.372            2000           -2128          2.0006;
    32    1.417            2000           -2198          2.0006;
    33    1.461            2000           -2259          2.0006;
    34    1.505            2000           -2316          2.0006;
    35    1.549            2000           -2377          2.0006;
    36    1.594            2000           -2444          2.0006;
    37    1.638            2000           -2518          2.0006;
    38    1.682            2000           -2594          2.0006;
    39    1.727            2000           -2667          2.0006;
    40    1.771            2000           -2736          2.0006;
    41    1.815            2000           -2802          2.0006;
    42    1.859            2000           -2869          2.0006;
    43    1.904            2000           -2937          2.0006;
    44    1.948            2000           -3005          2.0006;
    45    1.992            2000           -3074          2.0006;
    46    2.036            2000           -3142          2.0006;
    47    2.081            2000           -3209          2.0006;
    48    2.125            2000           -3276          2.0006;
    49    2.169            2000           -3345          2.0006;
    50    2.214            2000           -3413          2.0006;
    51    2.258            2000           -3480          2.0006;
    52    2.302            2000           -3548          2.0006;
    53    2.346            2000           -3616          2.0006;
    54    2.391            2000           -3684          2.0006;
    55    2.435            2000           -3751          2.0006;
    56    2.479            2000           -3818          2.0006;
    57    2.523            2000           -3886          2.0006;
    58    2.568            2000           -3954          2.0006;
    59    2.612            2000           -4021          2.0006;
    60    2.656            2000           -4088          2.0006;
    61    2.701            2000           -4156          2.0006;
    62    2.745            2000           -4223          2.0006;
    63    2.789            2000           -4289          2.0006;
    64    2.833            2000           -4356          2.0006;
    65    2.878            2000           -4424          2.0006;
    66    2.922            2000           -4491          2.0006;
    67    2.966            2000           -4557          2.0006;
    68    3.010            2000           -4623          2.0006;
    69    3.055            2000           -4690          2.0006;
    70    3.099            2000           -4757          2.0006;
    71    3.143            2000           -4823          2.0006;
    72    3.188            2000           -4889          2.0006;
    73    3.232            2000           -4956          2.0006;
    74    3.276            2000           -5022          2.0006;
    75    3.320            2000           -5088          2.0006;
    76    3.365            2000           -5154          2.0006;
    77    3.409            2000           -5221          2.0006;
    78    3.453            2000           -5287          2.0006;
    79    3.497            2000           -5352          2.0006;
    80    3.542            2000           -5418          2.0006;
    81    3.586            2000           -5485          2.0006;
    82    3.630            2000           -5551          2.0006;
    83    3.674            2000           -5616          2.0006;
    84    3.719            2000           -5682          2.0006;
    85    3.763            2000           -5749          2.0006;
    86    3.807            2000           -5815          2.0006;
    87    3.852            2000           -5880          2.0006;
    88    3.896            2000           -5946          2.0006;
    89    3.940            2000           -6013          2.0006;
    90    3.984            2000           -6078          2.0006;
    91    4.029            2000           -6143          2.0006;
    92    4.073            2000           -6209          2.0006;
    93    4.117            2000           -6275          2.0006;
    94    4.161            2000           -6340          2.0006;
    95    4.206            2000           -6406          2.0006;
    96    4.250            2000           -6472          2.0006;
    97    4.294            2000           -6538          2.0006;
    98    4.339            2000           -6603          2.0006;
    99    4.383            2000           -6668          2.0006;
   100    4.427            2000           -6733          2.0006;
   101    4.471            2000           -6800          2.0006;
   102    4.516            2000           -6864          2.0006;
   103    4.560            2000           -6929          2.0006;
   104    4.604            2000           -6995          2.0006;
   105    4.648            2000           -7060          2.0006;
   106    4.693            2000           -7125          2.0006;
   107    4.737            2000           -7190          2.0006;
   108    4.781            2000           -7256          2.0006;
   109    4.826            2000           -7321          2.0006;
   110    4.870            2000           -7385          2.0006;
   111    4.914            2000           -7450          2.0006;
   112    4.958            2000           -7516          2.0006;
   113    5.003            2000           -7581          2.0006;
   114    5.047               0           -7641          0.0000;
   115    5.091               0           -7673          0.0000;
   116    5.135               0           -7662          0.0000;
   117    5.180               0           -7613          0.0000;
   118    5.224               0           -7551          0.0000;
   119    5.268               0           -7509          0.0000;
   120    5.313               0           -7503          0.0000;
   121    5.357               0           -7533          0.0000;
   122    5.401               0           -7579          0.0000;
   123    5.445               0           -7616          0.0000;
   124    5.490               0           -7625          0.0000;
   125    5.534               0           -7598          0.0000;
   126    5.578               0           -7554          0.0000;
   127    5.622               0           -7514          0.0000;
   128    5.667               0           -7497          0.0000;
   129    5.711               0           -7504          0.0000;
   130    5.755               0           -7532          0.0000;
   131    5.799               0           -7561          0.0000;
   132    5.844               0           -7576          0.0000;
   133    5.888               0           -7568          0.0000;
   134    5.932               0           -7541          0.0000;
   135    5.977               0           -7513          0.0000;
   136    6.021               0           -7494          0.0000;
   137    6.065               0           -7491          0.0000;
   138    6.109               0           -7502          0.0000;
   139    6.154               0           -7519          0.0000;
   140    6.198               0           -7529          0.0000;
   141    6.242               0           -7527          0.0000;
   142    6.286               0           -7514          0.0000;
   143    6.331               0           -7498          0.0000;
   144    6.375               0           -7487          0.0000;
   145    6.419               0           -7482          0.0000;
   146    6.464               0           -7483          0.0000;
   147    6.508               0           -7487          0.0000;
   148    6.552               0           -7489          0.0000;
   149    6.596               0           -7486          0.0000;
   150    6.641               0           -7480          0.0000;
   151    6.685               0           -7476          0.0000;
   152    6.729               0           -7472          0.0000;
   153    6.773               0           -7468          0.0000;
   154    6.818               0           -7464          0.0000;
   155    6.862               0           -7461          0.0000;
   156    6.906               0           -7457          0.0000;
   157    6.951               0           -7452          0.0000;
   158    6.995               0           -7449          0.0000;
   159    7.039               0           -7445          0.0000;
   160    7.083               0           -7441          0.0000;
   161    7.128               0           -7437          0.0000;
   162    7.172               0           -7434          0.0000;
   163    7.216               0           -7430          0.0000;
   164    7.260               0           -7426          0.0000;
   165    7.305               0           -7422          0.0000;
   166    7.349               0           -7419          0.0000;
   167    7.393               0           -7415          0.0000;
   168    7.438               0           -7411          0.0000;
   169    7.482               0           -7407          0.0000;
   170    7.526               0           -7404          0.0000;
   171    7.570               0           -7401          0.0000;
   172    7.615               0           -7397          0.0000;
   173    7.659               0           -7392          0.0000;
   174    7.703               0           -7389          0.0000;
   175    7.747               0           -7386          0.0000;
   176    7.792               0           -7381          0.0000;
   177    7.836               0           -7377          0.0000;
   178    7.880               0           -7374          0.0000;
   179    7.924               0           -7371          0.0000;
   180    7.969               0           -7366          0.0000;
   181    8.013               0           -7362          0.0000;
   182    8.057               0           -7359          0.0000;
   183    8.102               0           -7356          0.0000;
   184    8.146               0           -7351          0.0000;
   185    8.190               0           -7348          0.0000;
   186    8.234               0           -7345          0.0000;
   187    8.279               0           -7341          0.0000;
   188    8.323               0           -7336          0.0000;
   189    8.367               0           -7333          0.0000;
   190    8.411               0           -7329          0.0000;
   191    8.456               0           -7326          0.0000;
   192    8.500               0           -7321          0.0000;
   193    8.544               0           -7317          0.0000;
   194    8.589               0           -7314          0.0000;
   195    8.633               0           -7310          0.0000;
   196    8.677               0           -7306          0.0000;
   197    8.721               0           -7302          0.0000;
   198    8.766               0           -7299          0.0000;
   199    8.810               0           -7295          0.0000;
   200    8.854               0           -7290          0.0000;
   201    8.898               0           -7287          0.0000;
   202    8.943               0           -7284          0.0000;
   203    8.987               0           -7279          0.0000;
   204    9.031               0           -7275          0.0000;
   205    9.076               0           -7271          0.0000;
   206    9.120               0           -7268          0.0000;
   207    9.164               0           -7264          0.0000;
   208    9.208               0           -7259          0.0000;
   209    9.253               0           -7256          0.0000;
   210    9.297               0           -7253          0.0000;
   211    9.341               0           -7248          0.0000;
   212    9.385               0           -7244          0.0000;
   213    9.430               0           -7241          0.0000;
   214    9.474               0           -7237          0.0000;
   215    9.518               0           -7232          0.0000;
   216    9.563               0           -7228          0.0000;
   217    9.607               0           -7225          0.0000;
   218    9.651               0           -7221          0.0000;
   219    9.695               0           -7217          0.0000;
   220    9.740               0           -7212          0.0000;
   221    9.784               0           -7209          0.0000;
   222    9.828               0           -7205          0.0000;
   223    9.872               0           -7201          0.0000;
   224    9.917               0           -7196          0.0000;
   225    9.961               0           -7193          0.0000;
   226   10.005           -2000           -7189          0.0000;
   227   10.049           -2000           -7180         -2.0006;
   228   10.094           -2000           -7142         -2.0006;
   229   10.138           -2000           -7059         -2.0006;
   230   10.182           -2000           -6937         -2.0006;
   231   10.227           -2000           -6800         -2.0006;
   232   10.271           -2000           -6679         -2.0006;
   233   10.315           -2000           -6595         -2.0006;
   234   10.359           -2000           -6549         -2.0006;
   235   10.404           -2000           -6523         -2.0006;
   236   10.448           -2000           -6492         -2.0006;
   237   10.492           -2000           -6434         -2.0006;
   238   10.536           -2000           -6342         -2.0006;
   239   10.581           -2000           -6224         -2.0006;
   240   10.625           -2000           -6105         -2.0006;
   241   10.669           -2000           -6003         -2.0006;
   242   10.714           -2000           -5930         -2.0006;
   243   10.758           -2000           -5881         -2.0006;
   244   10.802           -2000           -5842         -2.0006;
   245   10.846           -2000           -5793         -2.0006;
   246   10.891           -2000           -5720         -2.0006;
   247   10.935           -2000           -5625         -2.0006;
   248   10.979           -2000           -5519         -2.0006;
   249   11.023           -2000           -5418         -2.0006;
   250   11.068           -2000           -5331         -2.0006;
   251   11.112           -2000           -5263         -2.0006;
   252   11.156           -2000           -5207         -2.0006;
   253   11.201           -2000           -5152         -2.0006;
   254   11.245           -2000           -5086         -2.0006;
   255   11.289           -2000           -5005         -2.0006;
   256   11.333           -2000           -4916         -2.0006;
   257   11.378           -2000           -4825         -2.0006;
   258   11.422           -2000           -4739         -2.0006;
   259   11.466           -2000           -4663         -2.0006;
   260   11.510           -2000           -4595         -2.0006;
   261   11.555           -2000           -4529         -2.0006;
   262   11.599           -2000           -4458         -2.0006;
   263   11.643           -2000           -4381         -2.0006;
   264   11.688           -2000           -4302         -2.0006;
   265   11.732           -2000           -4222         -2.0006;
   266   11.776           -2000           -4144         -2.0006;
   267   11.820           -2000           -4067         -2.0006;
   268   11.865           -2000           -3992         -2.0006;
   269   11.909           -2000           -3916         -2.0006;
   270   11.953           -2000           -3839         -2.0006;
   271   11.997           -2000           -3763         -2.0006;
   272   12.042           -2000           -3688         -2.0006;
   273   12.086           -2000           -3612         -2.0006;
   274   12.130           -2000           -3537         -2.0006;
   275   12.174           -2000           -3462         -2.0006;
   276   12.219           -2000           -3388         -2.0006;
   277   12.263           -2000           -3313         -2.0006;
   278   12.307           -2000           -3238         -2.0006;
   279   12.352           -2000           -3165         -2.0006;
   280   12.396           -2000           -3091         -2.0006;
   281   12.440           -2000           -3017         -2.0006;
   282   12.484           -2000           -2943         -2.0006;
   283   12.529           -2000           -2870         -2.0006;
   284   12.573           -2000           -2797         -2.0006;
   285   12.617           -2000           -2724         -2.0006;
   286   12.661           -2000           -2651         -2.0006;
   287   12.706           -2000           -2578         -2.0006;
   288   12.750           -2000           -2506         -2.0006;
   289   12.794           -2000           -2433         -2.0006;
   290   12.839           -2000           -2360         -2.0006;
   291   12.883           -2000           -2288         -2.0006;
   292   12.927           -2000           -2216         -2.0006;
   293   12.971           -2000           -2143         -2.0006;
   294   13.016           -2000           -2070         -2.0006;
   295   13.060           -2000           -1998         -2.0006;
   296   13.104           -2000           -1926         -2.0006;
   297   13.148           -2000           -1853         -2.0006;
   298   13.193           -2000           -1781         -2.0006;
   299   13.237           -2000           -1709         -2.0006;
   300   13.281           -2000           -1637         -2.0006;
   301   13.326           -2000           -1564         -2.0006;
   302   13.370           -2000           -1492         -2.0006;
   303   13.414           -2000           -1419         -2.0006;
   304   13.458           -2000           -1346         -2.0006;
   305   13.503           -2000           -1273         -2.0006;
   306   13.547           -2000           -1200         -2.0006;
   307   13.591           -2000           -1127         -2.0006;
   308   13.635           -2000           -1054         -2.0006;
   309   13.680           -2000            -981         -2.0006;
   310   13.724           -2000            -908         -2.0006;
   311   13.768           -2000            -835         -2.0006;
   312   13.813           -2000            -763         -2.0006;
   313   13.857           -2000            -689         -2.0006;
   314   13.901           -2000            -616         -2.0006;
   315   13.945           -2000            -544         -2.0006;
   316   13.990           -2000            -471         -2.0006;
   317   14.034           -2000            -397         -2.0006;
   318   14.078           -2000            -325         -2.0006;
   319   14.122           -2000            -253         -2.0006;
   320   14.167           -2000            -180         -2.0006;
   321   14.211           -2000            -106         -2.0006;
   322   14.255           -2000             -33         -2.0006;
   323   14.299           -2000              40         -2.0006;
   324   14.344           -2000             114         -2.0006;
   325   14.388           -2000             188         -2.0006;
   326   14.432           -2000             261         -2.0006;
   327   14.477           -2000             333         -2.0006;
   328   14.521           -2000             406         -2.0006;
   329   14.565           -2000             478         -2.0006;
   330   14.609           -2000             550         -2.0006;
   331   14.654           -2000             622         -2.0006;
   332   14.698           -2000             695         -2.0006;
   333   14.742           -2000             768         -2.0006;
   334   14.786           -2000             842         -2.0006;
   335   14.831           -2000             915         -2.0006;
   336   14.875           -2000             988         -2.0006;
   337   14.919           -2000            1062         -2.0006;
   338   14.964           -2000            1134         -2.0006;
   339   15.008               0            1206         -2.0006;
   340   15.052               0            1275          0.0000;
   341   15.096               0            1315          0.0000;
   342   15.141               0            1313          0.0000;
   343   15.185               0            1269          0.0000;
   344   15.229               0            1214          0.0000;
   345   15.273               0            1176          0.0000;
   346   15.318               0            1172          0.0000;
   347   15.362               0            1207          0.0000;
   348   15.406               0            1261          0.0000;
   349   15.451               0            1307          0.0000;
   350   15.495               0            1324          0.0000;
   351   15.539               0            1310          0.0000;
   352   15.583               0            1274          0.0000;
   353   15.628               0            1238          0.0000;
   354   15.672               0            1221          0.0000;
   355   15.716               0            1232          0.0000;
   356   15.760               0            1265          0.0000;
   357   15.805               0            1302          0.0000;
   358   15.849               0            1325          0.0000;
   359   15.893               0            1328          0.0000;
   360   15.938               0            1310          0.0000;
   361   15.982               0            1286          0.0000;
   362   16.026               0            1271          0.0000;
   363   16.070               0            1270          0.0000;
   364   16.115               0            1288          0.0000;
   365   16.159               0            1310          0.0000;
   366   16.203               0            1327          0.0000;
   367   16.247               0            1334          0.0000;
   368   16.292               0            1332          0.0000;
   369   16.336               0            1322          0.0000;
   370   16.380               0            1315          0.0000;
   371   16.424               0            1314          0.0000;
   372   16.469               0            1322          0.0000;
   373   16.513               0            1332          0.0000;
   374   16.557               0            1339          0.0000;
   375   16.602               0            1343          0.0000;
   376   16.646               0            1344          0.0000;
   377   16.690               0            1344          0.0000;
   378   16.734               0            1346          0.0000;
   379   16.779               0            1349          0.0000;
   380   16.823               0            1351          0.0000;
   381   16.867               0            1352          0.0000;
   382   16.911               0            1353          0.0000;
   383   16.956               0            1354          0.0000;
   384   17.000               0            1354          0.0000;
   385   17.044               0            1355          0.0000;
   386   17.089               0            1355          0.0000;
   387   17.133               0            1355          0.0000;
   388   17.177               0            1355          0.0000;
   389   17.221               0            1355          0.0000;
   390   17.266               0            1355          0.0000;
   391   17.310               0            1355          0.0000;
   392   17.354               0            1355          0.0000;
   393   17.398               0            1355          0.0000;
   394   17.443               0            1355          0.0000;
   395   17.487               0            1355          0.0000;
   396   17.531               0            1355          0.0000;
   397   17.576               0            1355          0.0000;
   398   17.620               0            1355          0.0000;
   399   17.664               0            1355          0.0000;
   400   17.708               0            1355          0.0000;
   401   17.753               0            1355          0.0000;
   402   17.797               0            1355          0.0000;
   403   17.841               0            1355          0.0000;
   404   17.885               0            1355          0.0000;
   405   17.930               0            1355          0.0000;
   406   17.974               0            1355          0.0000;
   407   18.018               0            1355          0.0000;
   408   18.063               0            1355          0.0000;
   409   18.107               0            1355          0.0000;
   410   18.151               0            1355          0.0000;
   411   18.195               0            1355          0.0000;
   412   18.240               0            1355          0.0000;
   413   18.284               0            1355          0.0000;
   414   18.328               0            1355          0.0000;
   415   18.372               0            1355          0.0000;
   416   18.417               0            1355          0.0000;
   417   18.461               0            1355          0.0000;
   418   18.505               0            1355          0.0000;
   419   18.549               0            1355          0.0000;
   420   18.594               0            1355          0.0000;
   421   18.638               0            1355          0.0000;
   422   18.682               0            1355          0.0000;
   423   18.727               0            1355          0.0000;
   424   18.771               0            1355          0.0000;
   425   18.815               0            1355          0.0000;
   426   18.859               0            1355          0.0000;
   427   18.904               0            1355          0.0000;
   428   18.948               0            1355          0.0000;
   429   18.992               0            1355          0.0000;
   430   19.036               0            1355          0.0000;
   431   19.081               0            1355          0.0000;
   432   19.125               0            1354          0.0000;
   433   19.169               0            1354          0.0000;
   434   19.214               0            1354          0.0000;
   435   19.258               0            1354          0.0000;
   436   19.302               0            1354          0.0000;
   437   19.346               0            1354          0.0000;
   438   19.391               0            1354          0.0000;
   439   19.435               0            1354          0.0000;
   440   19.479               0            1354          0.0000;
   441   19.523               0            1354          0.0000;
   442   19.568               0            1354          0.0000;
   443   19.612               0            1354          0.0000;
   444   19.656               0            1354          0.0000;
   445   19.701               0            1354          0.0000;
   446   19.745               0            1354          0.0000;
   447   19.789               0            1354          0.0000;
   448   19.833               0            1354          0.0000;
   449   19.878               0            1354          0.0000;
   450   19.922               0            1354          0.0000;
   451   19.966               0            1353          0.0000;
   452   20.010            2000            1353          0.0000;
   453   20.055            2000            1351          2.0006;
   454   20.099            2000            1318          2.0006;
   455   20.143            2000            1239          2.0006;
   456   20.188            2000            1121          2.0006;
   457   20.232            2000             991          2.0006;
   458   20.276            2000             882          2.0006;
   459   20.320            2000             810          2.0006;
   460   20.365            2000             776          2.0006;
   461   20.409            2000             760          2.0006;
   462   20.453            2000             731          2.0006;
   463   20.497            2000             670          2.0006;
   464   20.542            2000             575          2.0006;
   465   20.586            2000             461          2.0006;
   466   20.630            2000             352          2.0006;
   467   20.674            2000             267          2.0006;
   468   20.719            2000             212          2.0006;
   469   20.763            2000             179          2.0006;
   470   20.807            2000             144          2.0006;
   471   20.852            2000              92          2.0006;
   472   20.896            2000              13          2.0006;
   473   20.940            2000             -84          2.0006;
   474   20.984            2000            -185          2.0006;
   475   21.029            2000            -273          2.0006;
   476   21.073            2000            -340          2.0006;
   477   21.117            2000            -389          2.0006;
   478   21.161            2000            -434          2.0006;
   479   21.206            2000            -489          2.0006;
   480   21.250            2000            -559          2.0006;
   481   21.294            2000            -642          2.0006;
   482   21.339            2000            -730          2.0006;
   483   21.383            2000            -813          2.0006;
   484   21.427            2000            -884          2.0006;
   485   21.471            2000            -943          2.0006;
   486   21.516            2000           -1000          2.0006;
   487   21.560            2000           -1060          2.0006;
   488   21.604            2000           -1128          2.0006;
   489   21.648            2000           -1201          2.0006;
   490   21.693            2000           -1278          2.0006;
   491   21.737            2000           -1353          2.0006;
   492   21.781            2000           -1423          2.0006;
   493   21.826            2000           -1489          2.0006;
   494   21.870            2000           -1555          2.0006;
   495   21.914            2000           -1623          2.0006;
   496   21.958            2000           -1691          2.0006;
   497   22.003            2000           -1759          2.0006;
   498   22.047            2000           -1827          2.0006;
   499   22.091            2000           -1895          2.0006;
   500   22.135            2000           -1962          2.0006;
   501   22.180            2000           -2030          2.0006;
   502   22.224            2000           -2098          2.0006;
   503   22.268            2000           -2166          2.0006;
   504   22.313            2000           -2233          2.0006;
   505   22.357            2000           -2301          2.0006;
   506   22.401            2000           -2370          2.0006;
   507   22.445            2000           -2437          2.0006;
   508   22.490            2000           -2505          2.0006;
   509   22.534            2000           -2573          2.0006;
   510   22.578            2000           -2642          2.0006;
   511   22.622            2000           -2709          2.0006;
   512   22.667            2000           -2777          2.0006;
   513   22.711            2000           -2844          2.0006;
   514   22.755            2000           -2912          2.0006;
   515   22.799            2000           -2980          2.0006;
   516   22.844            2000           -3047          2.0006;
   517   22.888            2000           -3115          2.0006;
   518   22.932            2000           -3183          2.0006;
   519   22.977            2000           -3250          2.0006;
   520   23.021            2000           -3317          2.0006;
   521   23.065            2000           -3385          2.0006;
   522   23.109            2000           -3453          2.0006;
   523   23.154            2000           -3520          2.0006;
   524   23.198            2000           -3587          2.0006;
   525   23.242            2000           -3655          2.0006;
   526   23.286            2000           -3723          2.0006;
   527   23.331            2000           -3790          2.0006;
   528   23.375            2000           -3857          2.0006;
   529   23.419            2000           -3925          2.0006;
   530   23.464            2000           -3992          2.0006;
   531   23.508            2000           -4059          2.0006;
   532   23.552            2000           -4126          2.0006;
   533   23.596            2000           -4194          2.0006;
   534   23.641            2000           -4261          2.0006;
   535   23.685            2000           -4328          2.0006;
   536   23.729            2000           -4395          2.0006;
   537   23.773            2000           -4462          2.0006;
   538   23.818            2000           -4529          2.0006;
   539   23.862            2000           -4596          2.0006;
   540   23.906            2000           -4663          2.0006;
   541   23.951            2000           -4731          2.0006;
   542   23.995            2000           -4797          2.0006;
   543   24.039            2000           -4864          2.0006;
   544   24.083            2000           -4931          2.0006;
   545   24.128            2000           -4998          2.0006;
   546   24.172            2000           -5064          2.0006;
   547   24.216            2000           -5131          2.0006;
   548   24.260            2000           -5197          2.0006;
   549   24.305            2000           -5264          2.0006;
   550   24.349            2000           -5331          2.0006;
   551   24.393            2000           -5397          2.0006;
   552   24.438            2000           -5464          2.0006;
   553   24.482            2000           -5531          2.0006;
   554   24.526            2000           -5597          2.0006;
   555   24.570            2000           -5664          2.0006;
   556   24.615            2000           -5730          2.0006;
   557   24.659            2000           -5797          2.0006;
   558   24.703            2000           -5863          2.0006;
   559   24.747            2000           -5928          2.0006;
   560   24.792            2000           -5995          2.0006;
   561   24.836            2000           -6062          2.0006;
   562   24.880            2000           -6128          2.0006;
   563   24.924            2000           -6193          2.0006;
   564   24.969            2000           -6259          2.0006;
   565   25.013               0           -6325          2.0006;
   566   25.057               0           -6387          0.0000;
   567   25.102               0           -6419          0.0000;
   568   25.146               0           -6408          0.0000;
   569   25.190               0           -6359          0.0000;
   570   25.234               0           -6297          0.0000;
   571   25.279               0           -6253          0.0000;
   572   25.323               0           -6244          0.0000;
   573   25.367               0           -6273          0.0000;
   574   25.411               0           -6320          0.0000;
   575   25.456               0           -6357          0.0000;
   576   25.500               0           -6369          0.0000;
   577   25.544               0           -6347          0.0000;
   578   25.589               0           -6304          0.0000;
   579   25.633               0           -6261          0.0000;
   580   25.677               0           -6239          0.0000;
   581   25.721               0           -6243          0.0000;
   582   25.766               0           -6269          0.0000;
   583   25.810               0           -6300          0.0000;
   584   25.854               0           -6319          0.0000;
   585   25.898               0           -6316          0.0000;
   586   25.943               0           -6291          0.0000;
   587   25.987               0           -6260          0.0000;
   588   26.031               0           -6237          0.0000;
   589   26.076               0           -6230          0.0000;
   590   26.120               0           -6237          0.0000;
   591   26.164               0           -6256          0.0000;
   592   26.208               0           -6271          0.0000;
   593   26.253               0           -6274          0.0000;
   594   26.297               0           -6262          0.0000;
   595   26.341               0           -6244          0.0000;
   596   26.385               0           -6229          0.0000;
   597   26.430               0           -6221          0.0000;
   598   26.474               0           -6220          0.0000;
   599   26.518               0           -6226          0.0000;
   600   26.563               0           -6231          0.0000;
   601   26.607               0           -6231          0.0000;
   602   26.651               0           -6225          0.0000;
   603   26.695               0           -6217          0.0000;
   604   26.740               0           -6212          0.0000;
   605   26.784               0           -6207          0.0000;
   606   26.828               0           -6204          0.0000;
   607   26.872               0           -6200          0.0000;
   608   26.917               0           -6196          0.0000;
   609   26.961               0           -6191          0.0000;
   610   27.005               0           -6186          0.0000;
   611   27.049               0           -6183          0.0000;
   612   27.094               0           -6179          0.0000;
   613   27.138               0           -6174          0.0000;
   614   27.182               0           -6170          0.0000;
   615   27.227               0           -6166          0.0000;
   616   27.271               0           -6162          0.0000;
   617   27.315               0           -6157          0.0000;
   618   27.359               0           -6152          0.0000;
   619   27.404               0           -6149          0.0000;
   620   27.448               0           -6144          0.0000;
   621   27.492               0           -6139          0.0000;
   622   27.536               0           -6134          0.0000;
   623   27.581               0           -6131          0.0000;
   624   27.625               0           -6126          0.0000;
   625   27.669               0           -6121          0.0000;
   626   27.714               0           -6117          0.0000;
   627   27.758               0           -6113          0.0000;
   628   27.802               0           -6108          0.0000;
   629   27.846               0           -6103          0.0000;
   630   27.891               0           -6099          0.0000;
   631   27.935               0           -6095          0.0000;
   632   27.979               0           -6090          0.0000;
   633   28.023               0           -6085          0.0000;
   634   28.068               0           -6081          0.0000;
   635   28.112               0           -6077          0.0000;
   636   28.156               0           -6072          0.0000;
   637   28.201               0           -6067          0.0000;
   638   28.245               0           -6063          0.0000;
   639   28.289               0           -6059          0.0000;
   640   28.333               0           -6054          0.0000;
   641   28.378               0           -6049          0.0000;
   642   28.422               0           -6045          0.0000;
   643   28.466               0           -6041          0.0000;
   644   28.510               0           -6036          0.0000;
   645   28.555               0           -6031          0.0000;
   646   28.599               0           -6027          0.0000;
   647   28.643               0           -6023          0.0000;
   648   28.688               0           -6018          0.0000;
   649   28.732               0           -6013          0.0000;
   650   28.776               0           -6009          0.0000;
   651   28.820               0           -6005          0.0000;
   652   28.865               0           -6000          0.0000;
   653   28.909               0           -5995          0.0000;
   654   28.953               0           -5991          0.0000;
   655   28.997               0           -5987          0.0000;
   656   29.042               0           -5981          0.0000;
   657   29.086               0           -5977          0.0000;
   658   29.130               0           -5973          0.0000;
   659   29.174               0           -5969          0.0000;
   660   29.219               0           -5963          0.0000;
   661   29.263               0           -5959          0.0000;
   662   29.307               0           -5955          0.0000;
   663   29.352               0           -5951          0.0000;
   664   29.396               0           -5945          0.0000;
   665   29.440               0           -5941          0.0000;
   666   29.484               0           -5937          0.0000;
   667   29.529               0           -5932          0.0000;
   668   29.573               0           -5927          0.0000;
   669   29.617               0           -5923          0.0000;
   670   29.661               0           -5919          0.0000;
   671   29.706               0           -5914          0.0000;
   672   29.750               0           -5909          0.0000;
   673   29.794               0           -5905          0.0000;
   674   29.839               0           -5901          0.0000;
   675   29.883               0           -5896          0.0000;
   676   29.927               0           -5891          0.0000;
   677   29.971               0           -5887          0.0000;
   678   30.016           -2000           -5883         -2.0006;
   679   30.060           -2000           -5871         -2.0006;
   680   30.104           -2000           -5828         -2.0006;
   681   30.148           -2000           -5739         -2.0006;
   682   30.193           -2000           -5613         -2.0006;
   683   30.237           -2000           -5474         -2.0006;
   684   30.281           -2000           -5353         -2.0006;
   685   30.326           -2000           -5269         -2.0006;
   686   30.370           -2000           -5221         -2.0006;
   687   30.414           -2000           -5194         -2.0006;
   688   30.458           -2000           -5163         -2.0006;
   689   30.503           -2000           -5105         -2.0006;
   690   30.547           -2000           -5014         -2.0006;
   691   30.591           -2000           -4897         -2.0006;
   692   30.635           -2000           -4776         -2.0006;
   693   30.680           -2000           -4672         -2.0006;
   694   30.724           -2000           -4594         -2.0006;
   695   30.768           -2000           -4541         -2.0006;
   696   30.813           -2000           -4499         -2.0006;
   697   30.857           -2000           -4450         -2.0006;
   698   30.901           -2000           -4381         -2.0006;
   699   30.945           -2000           -4289         -2.0006;
   700   30.990           -2000           -4185         -2.0006;
   701   31.034           -2000           -4083         -2.0006;
   702   31.078           -2000           -3993         -2.0006;
   703   31.122           -2000           -3919         -2.0006;
   704   31.167           -2000           -3858         -2.0006;
   705   31.211           -2000           -3802         -2.0006;
   706   31.255           -2000           -3737         -2.0006;
   707   31.299           -2000           -3660         -2.0006;
   708   31.344           -2000           -3574         -2.0006;
   709   31.388           -2000           -3485         -2.0006;
   710   31.432           -2000           -3399         -2.0006;
   711   31.477           -2000           -3319         -2.0006;
   712   31.521           -2000           -3246         -2.0006;
   713   31.565           -2000           -3175         -2.0006;
   714   31.609           -2000           -3102         -2.0006;
   715   31.654           -2000           -3026         -2.0006;
   716   31.698           -2000           -2950         -2.0006;
   717   31.742           -2000           -2875         -2.0006;
   718   31.786           -2000           -2800         -2.0006;
   719   31.831           -2000           -2725         -2.0006;
   720   31.875           -2000           -2651         -2.0006;
   721   31.919           -2000           -2577         -2.0006;
   722   31.964           -2000           -2503         -2.0006;
   723   32.008           -2000           -2430         -2.0006;
   724   32.052           -2000           -2358         -2.0006;
   725   32.096           -2000           -2285         -2.0006;
   726   32.141           -2000           -2212         -2.0006;
   727   32.185           -2000           -2140         -2.0006;
   728   32.229           -2000           -2068         -2.0006;
   729   32.273           -2000           -1996         -2.0006;
   730   32.318           -2000           -1923         -2.0006;
   731   32.362           -2000           -1850         -2.0006;
   732   32.406           -2000           -1778         -2.0006;
   733   32.451           -2000           -1706         -2.0006;
   734   32.495           -2000           -1633         -2.0006;
   735   32.539           -2000           -1560         -2.0006;
   736   32.583           -2000           -1487         -2.0006;
   737   32.628           -2000           -1415         -2.0006;
   738   32.672           -2000           -1341         -2.0006;
   739   32.716           -2000           -1268         -2.0006;
   740   32.760           -2000           -1195         -2.0006;
   741   32.805           -2000           -1122         -2.0006;
   742   32.849           -2000           -1048         -2.0006;
   743   32.893           -2000            -975         -2.0006;
   744   32.938           -2000            -902         -2.0006;
   745   32.982           -2000            -829         -2.0006;
   746   33.026           -2000            -755         -2.0006;
   747   33.070           -2000            -682         -2.0006;
   748   33.115           -2000            -609         -2.0006;
   749   33.159           -2000            -536         -2.0006;
   750   33.203           -2000            -462         -2.0006;
   751   33.247           -2000            -389         -2.0006;
   752   33.292           -2000            -317         -2.0006;
   753   33.336           -2000            -243         -2.0006;
   754   33.380           -2000            -170         -2.0006;
   755   33.424           -2000             -97         -2.0006;
   756   33.469           -2000             -24         -2.0006;
   757   33.513           -2000              50         -2.0006;
   758   33.557           -2000             124         -2.0006;
   759   33.602           -2000             198         -2.0006;
   760   33.646           -2000             272         -2.0006;
   761   33.690           -2000             347         -2.0006;
   762   33.734           -2000             421         -2.0006;
   763   33.779           -2000             495         -2.0006;
   764   33.823           -2000             569         -2.0006;
   765   33.867           -2000             643         -2.0006;
   766   33.911           -2000             718         -2.0006;
   767   33.956           -2000             792         -2.0006;
   768   34.000           -2000             866         -2.0006;
   769   34.044           -2000             940         -2.0006;
   770   34.089           -2000            1015         -2.0006;
   771   34.133           -2000            1088         -2.0006;
   772   34.177           -2000            1162         -2.0006;
   773   34.221           -2000            1236         -2.0006;
   774   34.266           -2000            1311         -2.0006;
   775   34.310           -2000            1384         -2.0006;
   776   34.354           -2000            1458         -2.0006;
   777   34.398           -2000            1533         -2.0006;
   778   34.443           -2000            1607         -2.0006;
   779   34.487           -2000            1681         -2.0006;
   780   34.531           -2000            1755         -2.0006;
   781   34.576           -2000            1830         -2.0006;
   782   34.620           -2000            1903         -2.0006;
   783   34.664           -2000            1977         -2.0006;
   784   34.708           -2000            2050         -2.0006;
   785   34.753           -2000            2125         -2.0006;
   786   34.797           -2000            2199         -2.0006;
   787   34.841           -2000            2273         -2.0006;
   788   34.885           -2000            2348         -2.0006;
   789   34.930           -2000            2423         -2.0006;
   790   34.974           -2000            2498         -2.0006;
   791   35.018               0            2572          0.0000;
   792   35.063               0            2641          0.0000;
   793   35.107               0            2679          0.0000;
   794   35.151               0            2673          0.0000;
   795   35.195               0            2627          0.0000;
   796   35.240               0            2570          0.0000;
   797   35.284               0            2532          0.0000;
   798   35.328               0            2529          0.0000;
   799   35.372               0            2565          0.0000;
   800   35.417               0            2620          0.0000;
   801   35.461               0            2667          0.0000;
   802   35.505               0            2686          0.0000;
   803   35.549               0            2673          0.0000;
   804   35.594               0            2636          0.0000;
   805   35.638               0            2598          0.0000;
   806   35.682               0            2579          0.0000;
   807   35.727               0            2587          0.0000;
   808   35.771               0            2620          0.0000;
   809   35.815               0            2658          0.0000;
   810   35.859               0            2684          0.0000;
   811   35.904               0            2690          0.0000;
   812   35.948               0            2675          0.0000;
   813   35.992               0            2651          0.0000;
   814   36.036               0            2632          0.0000;
   815   36.081               0            2628          0.0000;
   816   36.125               0            2642          0.0000;
   817   36.169               0            2665          0.0000;
   818   36.214               0            2684          0.0000;
   819   36.258               0            2693          0.0000;
   820   36.302               0            2693          0.0000;
   821   36.346               0            2683          0.0000;
   822   36.391               0            2674          0.0000;
   823   36.435               0            2672          0.0000;
   824   36.479               0            2676          0.0000;
   825   36.523               0            2686          0.0000;
   826   36.568               0            2694          0.0000;
   827   36.612               0            2699          0.0000;
   828   36.656               0            2701          0.0000;
   829   36.701               0            2702          0.0000;
   830   36.745               0            2703          0.0000;
   831   36.789               0            2706          0.0000;
   832   36.833               0            2709          0.0000;
   833   36.878               0            2711          0.0000;
   834   36.922               0            2712          0.0000;
   835   36.966               0            2714          0.0000;
   836   37.010               0            2715          0.0000;
   837   37.055               0            2715          0.0000;
   838   37.099               0            2716          0.0000;
   839   37.143               0            2717          0.0000;
   840   37.188               0            2717          0.0000;
   841   37.232               0            2717          0.0000;
   842   37.276               0            2717          0.0000;
   843   37.320               0            2717          0.0000;
   844   37.365               0            2717          0.0000;
   845   37.409               0            2717          0.0000;
   846   37.453               0            2717          0.0000;
   847   37.497               0            2717          0.0000;
   848   37.542               0            2717          0.0000;
   849   37.586               0            2717          0.0000;
   850   37.630               0            2717          0.0000;
   851   37.674               0            2717          0.0000;
   852   37.719               0            2717          0.0000;
   853   37.763               0            2717          0.0000;
   854   37.807               0            2717          0.0000;
   855   37.852               0            2717          0.0000;
   856   37.896               0            2717          0.0000;
   857   37.940               0            2716          0.0000;
   858   37.984               0            2716          0.0000;
   859   38.029               0            2716          0.0000;
   860   38.073               0            2716          0.0000;
   861   38.117               0            2716          0.0000;
   862   38.161               0            2716          0.0000;
   863   38.206               0            2716          0.0000;
   864   38.250               0            2716          0.0000;
   865   38.294               0            2716          0.0000;
   866   38.339               0            2716          0.0000;
   867   38.383               0            2716          0.0000;
   868   38.427               0            2716          0.0000;
   869   38.471               0            2715          0.0000;
   870   38.516               0            2715          0.0000;
   871   38.560               0            2715          0.0000;
   872   38.604               0            2715          0.0000;
   873   38.648               0            2715          0.0000;
   874   38.693               0            2715          0.0000;
   875   38.737               0            2715          0.0000;
   876   38.781               0            2715          0.0000;
   877   38.826               0            2714          0.0000;
   878   38.870               0            2714          0.0000;
   879   38.914               0            2714          0.0000;
   880   38.958               0            2714          0.0000;
   881   39.003               0            2714          0.0000;
   882   39.047               0            2714          0.0000;
   883   39.091               0            2714          0.0000;
   884   39.135               0            2714          0.0000;
   885   39.180               0            2714          0.0000;
   886   39.224               0            2714          0.0000;
   887   39.268               0            2714          0.0000;
   888   39.313               0            2714          0.0000;
   889   39.357               0            2714          0.0000;
   890   39.401               0            2714          0.0000;
   891   39.445               0            2714          0.0000;
   892   39.490               0            2714          0.0000;
   893   39.534               0            2714          0.0000;
   894   39.578               0            2714          0.0000;
   895   39.622               0            2714          0.0000;
   896   39.667               0            2714          0.0000;
   897   39.711               0            2714          0.0000;
   898   39.755               0            2714          0.0000;
   899   39.799               0            2714          0.0000;
   900   39.844               0            2714          0.0000;
   901   39.888               0            2714          0.0000;
   902   39.932               0            2714          0.0000;
   903   39.977               0            2714          0.0000;
   904   40.021            2000            2714          2.0006;
   905   40.065            2000            2709          2.0006;
   906   40.109            2000            2673          2.0006;
   907   40.154            2000            2590          2.0006;
   908   40.198            2000            2468          2.0006;
   909   40.242            2000            2337          2.0006;
   910   40.286            2000            2228          2.0006;
   911   40.331            2000            2159          2.0006;
   912   40.375            2000            2126          2.0006;
   913   40.419            2000            2110          2.0006;
   914   40.464            2000            2081          2.0006;
   915   40.508            2000            2020          2.0006;
   916   40.552            2000            1923          2.0006;
   917   40.596            2000            1807          2.0006;
   918   40.641            2000            1697          2.0006;
   919   40.685            2000            1611          2.0006;
   920   40.729            2000            1557          2.0006;
   921   40.773            2000            1524          2.0006;
   922   40.818            2000            1491          2.0006;
   923   40.862            2000            1439          2.0006;
   924   40.906            2000            1361          2.0006;
   925   40.951            2000            1263          2.0006;
   926   40.995            2000            1161          2.0006;
   927   41.039            2000            1071          2.0006;
   928   41.083            2000            1003          2.0006;
   929   41.128            2000             953          2.0006;
   930   41.172            2000             909          2.0006;
   931   41.216            2000             856          2.0006;
   932   41.260            2000             788          2.0006;
   933   41.305            2000             705          2.0006;
   934   41.349            2000             616          2.0006;
   935   41.393            2000             530          2.0006;
   936   41.438            2000             456          2.0006;
   937   41.482            2000             395          2.0006;
   938   41.526            2000             338          2.0006;
   939   41.570            2000             277          2.0006;
   940   41.615            2000             210          2.0006;
   941   41.659            2000             136          2.0006;
   942   41.703            2000              58          2.0006;
   943   41.747            2000             -18          2.0006;
   944   41.792            2000             -89          2.0006;
   945   41.836            2000            -156          2.0006;
   946   41.880            2000            -223          2.0006;
   947   41.924            2000            -292          2.0006;
   948   41.969            2000            -361          2.0006;
   949   42.013            2000            -430          2.0006;
   950   42.057            2000            -500          2.0006;
   951   42.102            2000            -568          2.0006;
   952   42.146            2000            -636          2.0006;
   953   42.190            2000            -704          2.0006;
   954   42.234            2000            -774          2.0006;
   955   42.279            2000            -842          2.0006;
   956   42.323            2000            -909          2.0006;
   957   42.367            2000            -977          2.0006;
   958   42.411            2000           -1046          2.0006;
   959   42.456            2000           -1114          2.0006;
   960   42.500            2000           -1182          2.0006;
   961   42.544            2000           -1249          2.0006;
   962   42.589            2000           -1318          2.0006;
   963   42.633            2000           -1386          2.0006;
   964   42.677            2000           -1453          2.0006;
   965   42.721            2000           -1520          2.0006;
   966   42.766            2000           -1589          2.0006;
   967   42.810            2000           -1656          2.0006;
   968   42.854            2000           -1724          2.0006;
   969   42.898            2000           -1791          2.0006;
   970   42.943            2000           -1859          2.0006;
   971   42.987            2000           -1927          2.0006;
   972   43.031            2000           -1993          2.0006;
   973   43.076            2000           -2061          2.0006;
   974   43.120            2000           -2129          2.0006;
   975   43.164            2000           -2196          2.0006;
   976   43.208            2000           -2263          2.0006;
   977   43.253            2000           -2331          2.0006;
   978   43.297            2000           -2399          2.0006;
   979   43.341            2000           -2467          2.0006;
   980   43.385            2000           -2534          2.0006;
   981   43.430            2000           -2602          2.0006;
   982   43.474            2000           -2670          2.0006;
   983   43.518            2000           -2737          2.0006;
   984   43.563            2000           -2804          2.0006;
   985   43.607            2000           -2872          2.0006;
   986   43.651            2000           -2940          2.0006;
   987   43.695            2000           -3008          2.0006;
   988   43.740            2000           -3075          2.0006;
   989   43.784            2000           -3144          2.0006;
   990   43.828            2000           -3211          2.0006;
   991   43.872            2000           -3278          2.0006;
   992   43.917            2000           -3346          2.0006;
   993   43.961            2000           -3414          2.0006;
   994   44.005            2000           -3482          2.0006;
   995   44.049            2000           -3549          2.0006;
   996   44.094            2000           -3616          2.0006;
   997   44.138            2000           -3684          2.0006;
   998   44.182            2000           -3752          2.0006;
   999   44.227            2000           -3820          2.0006;
  1000   44.271            2000           -3887          2.0006;
  1001   44.315            2000           -3955          2.0006;
  1002   44.359            2000           -4022          2.0006;
  1003   44.404            2000           -4089          2.0006;
  1004   44.448            2000           -4156          2.0006;
  1005   44.492            2000           -4224          2.0006;
  1006   44.536            2000           -4291          2.0006;
  1007   44.581            2000           -4358          2.0006;
  1008   44.625            2000           -4425          2.0006;
  1009   44.669            2000           -4492          2.0006;
  1010   44.714            2000           -4559          2.0006;
  1011   44.758            2000           -4625          2.0006;
  1012   44.802            2000           -4692          2.0006;
  1013   44.846            2000           -4760          2.0006;
  1014   44.891            2000           -4827          2.0006;
  1015   44.935            2000           -4893          2.0006;
  1016   44.979            2000           -4960          2.0006;
  1017   45.023               0           -5027          0.0000;
  1018   45.068               0           -5087          0.0000;
  1019   45.112               0           -5115          0.0000;
  1020   45.156               0           -5100          0.0000;
  1021   45.201               0           -5048          0.0000;
  1022   45.245               0           -4986          0.0000;
  1023   45.289               0           -4943          0.0000;
  1024   45.333               0           -4936          0.0000;
  1025   45.378               0           -4967          0.0000;
  1026   45.422               0           -5015          0.0000;
  1027   45.466               0           -5053          0.0000;
  1028   45.510               0           -5064          0.0000;
  1029   45.555               0           -5041          0.0000;
  1030   45.599               0           -4997          0.0000;
  1031   45.643               0           -4953          0.0000;
  1032   45.688               0           -4931          0.0000;
  1033   45.732               0           -4935          0.0000;
  1034   45.776               0           -4962          0.0000;
  1035   45.820               0           -4993          0.0000;
  1036   45.865               0           -5012          0.0000;
  1037   45.909               0           -5011          0.0000;
  1038   45.953               0           -4987          0.0000;
  1039   45.997               0           -4956          0.0000;
  1040   46.042               0           -4932          0.0000;
  1041   46.086               0           -4924          0.0000;
  1042   46.130               0           -4931          0.0000;
  1043   46.174               0           -4948          0.0000;
  1044   46.219               0           -4963          0.0000;
  1045   46.263               0           -4968          0.0000;
  1046   46.307               0           -4958          0.0000;
  1047   46.352               0           -4941          0.0000;
  1048   46.396               0           -4926          0.0000;
  1049   46.440               0           -4917          0.0000;
  1050   46.484               0           -4916          0.0000;
  1051   46.529               0           -4919          0.0000;
  1052   46.573               0           -4923          0.0000;
  1053   46.617               0           -4924          0.0000;
  1054   46.661               0           -4919          0.0000;
  1055   46.706               0           -4912          0.0000;
  1056   46.750               0           -4907          0.0000;
  1057   46.794               0           -4903          0.0000;
  1058   46.839               0           -4899          0.0000;
  1059   46.883               0           -4895          0.0000;
  1060   46.927               0           -4891          0.0000;
  1061   46.971               0           -4886          0.0000;
  1062   47.016               0           -4882          0.0000;
  1063   47.060               0           -4878          0.0000;
  1064   47.104               0           -4875          0.0000;
  1065   47.148               0           -4870          0.0000;
  1066   47.193               0           -4866          0.0000;
  1067   47.237               0           -4862          0.0000;
  1068   47.281               0           -4859          0.0000;
  1069   47.326               0           -4854          0.0000;
  1070   47.370               0           -4850          0.0000;
  1071   47.414               0           -4847          0.0000;
  1072   47.458               0           -4844          0.0000;
  1073   47.503               0           -4839          0.0000;
  1074   47.547               0           -4835          0.0000;
  1075   47.591               0           -4833          0.0000;
  1076   47.635               0           -4829          0.0000;
  1077   47.680               0           -4825          0.0000;
  1078   47.724               0           -4821          0.0000;
  1079   47.768               0           -4818          0.0000;
  1080   47.813               0           -4814          0.0000;
  1081   47.857               0           -4810          0.0000;
  1082   47.901               0           -4806          0.0000;
  1083   47.945               0           -4804          0.0000;
  1084   47.990               0           -4800          0.0000;
  1085   48.034               0           -4796          0.0000;
  1086   48.078               0           -4792          0.0000;
  1087   48.122               0           -4790          0.0000;
  1088   48.167               0           -4786          0.0000;
  1089   48.211               0           -4782          0.0000;
  1090   48.255               0           -4778          0.0000;
  1091   48.299               0           -4776          0.0000;
  1092   48.344               0           -4772          0.0000;
  1093   48.388               0           -4768          0.0000;
  1094   48.432               0           -4765          0.0000;
  1095   48.477               0           -4762          0.0000;
  1096   48.521               0           -4758          0.0000;
  1097   48.565               0           -4754          0.0000;
  1098   48.609               0           -4752          0.0000;
  1099   48.654               0           -4749          0.0000;
  1100   48.698               0           -4745          0.0000;
  1101   48.742               0           -4741          0.0000;
  1102   48.786               0           -4739          0.0000;
  1103   48.831               0           -4736          0.0000;
  1104   48.875               0           -4732          0.0000;
  1105   48.919               0           -4729          0.0000;
  1106   48.964               0           -4726          0.0000;
  1107   49.008               0           -4723          0.0000;
  1108   49.052               0           -4720          0.0000;
  1109   49.096               0           -4716          0.0000;
  1110   49.141               0           -4714          0.0000;
  1111   49.185               0           -4711          0.0000;
  1112   49.229               0           -4707          0.0000;
  1113   49.273               0           -4704          0.0000;
  1114   49.318               0           -4702          0.0000;
  1115   49.362               0           -4699          0.0000;
  1116   49.406               0           -4695          0.0000;
  1117   49.451               0           -4692          0.0000;
  1118   49.495               0           -4690          0.0000;
  1119   49.539               0           -4687          0.0000;
  1120   49.583               0           -4684          0.0000;
  1121   49.628               0           -4681          0.0000;
  1122   49.672               0           -4679          0.0000;
  1123   49.716               0           -4676          0.0000;
  1124   49.760               0           -4672          0.0000;
  1125   49.805               0           -4670          0.0000;
  1126   49.849               0           -4668          0.0000;
  1127   49.893               0           -4665          0.0000;
  1128   49.938               0           -4661          0.0000]
