 Sample   Time     Commanded 2 Pos  Encoder 4 Pos   Control Effort 2

[    0    0.000               0             148          0.1007;
     1    0.044            2000             148         -1.2668;
     2    0.089            2000             170         -1.2445;
     3    0.133            2000             223         -1.2027;
     4    0.177            2000             301         -1.1450;
     5    0.221            2000             386         -1.0876;
     6    0.266            2000             457         -1.0430;
     7    0.310            2000             499         -1.0211;
     8    0.354            2000             513         -1.0153;
     9    0.398            2000             516         -1.0150;
    10    0.443            2000             527         -1.0031;
    11    0.487            2000             560         -0.9759;
    12    0.531            2000             616         -0.9353;
    13    0.576            2000             683         -0.8874;
    14    0.620            2000             746         -0.8468;
    15    0.664            2000             789         -0.8214;
    16    0.708            2000             809         -0.8123;
    17    0.753            2000             816         -0.8095;
    18    0.797            2000             824         -0.8016;
    19    0.841            2000             845         -0.7842;
    20    0.885            2000             883         -0.7558;
    21    0.930            2000             932         -0.7192;
    22    0.974            2000             983         -0.6868;
    23    1.018            2000            1022         -0.6624;
    24    1.063            2000            1045         -0.6502;
    25    1.107            2000            1058         -0.6429;
    26    1.151            2000            1068         -0.6346;
    27    1.195            2000            1084         -0.6215;
    28    1.240            2000            1110         -0.6029;
    29    1.284            2000            1144         -0.5784;
    30    1.328            2000            1180         -0.5537;
    31    1.372            2000            1211         -0.5354;
    32    1.417            2000            1233         -0.5211;
    33    1.461            2000            1249         -0.5113;
    34    1.505            2000            1264         -0.5003;
    35    1.549            2000            1281         -0.4887;
    36    1.594            2000            1302         -0.4741;
    37    1.638            2000            1325         -0.4573;
    38    1.682            2000            1347         -0.4417;
    39    1.727            2000            1367         -0.4292;
    40    1.771            2000            1384         -0.4176;
    41    1.815            2000            1403         -0.4045;
    42    1.859            2000            1421         -0.3932;
    43    1.904            2000            1438         -0.3825;
    44    1.948            2000            1454         -0.3706;
    45    1.992            2000            1471         -0.3587;
    46    2.036            2000            1485         -0.3495;
    47    2.081            2000            1500         -0.3388;
    48    2.125            2000            1514         -0.3291;
    49    2.169            2000            1529         -0.3199;
    50    2.214            2000            1542         -0.3114;
    51    2.258            2000            1554         -0.3019;
    52    2.302            2000            1567         -0.2924;
    53    2.346            2000            1580         -0.2851;
    54    2.391            2000            1592         -0.2766;
    55    2.435            2000            1602         -0.2692;
    56    2.479            2000            1614         -0.2625;
    57    2.523            2000            1625         -0.2546;
    58    2.568            2000            1635         -0.2469;
    59    2.612            2000            1645         -0.2418;
    60    2.656            2000            1655         -0.2332;
    61    2.701            2000            1665         -0.2277;
    62    2.745            2000            1674         -0.2219;
    63    2.789            2000            1682         -0.2152;
    64    2.833            2000            1691         -0.2091;
    65    2.878            2000            1700         -0.2042;
    66    2.922            2000            1708         -0.1987;
    67    2.966            2000            1715         -0.1929;
    68    3.010            2000            1723         -0.1874;
    69    3.055            2000            1731         -0.1822;
    70    3.099            2000            1738         -0.1783;
    71    3.143            2000            1744         -0.1740;
    72    3.188            2000            1751         -0.1682;
    73    3.232            2000            1758         -0.1630;
    74    3.276            2000            1764         -0.1603;
    75    3.320            2000            1770         -0.1554;
    76    3.365            2000            1777         -0.1517;
    77    3.409            2000            1783         -0.1471;
    78    3.453            2000            1788         -0.1441;
    79    3.497            2000            1793         -0.1404;
    80    3.542            2000            1799         -0.1358;
    81    3.586            2000            1804         -0.1331;
    82    3.630            2000            1809         -0.1300;
    83    3.674            2000            1813         -0.1270;
    84    3.719            2000            1818         -0.1230;
    85    3.763            2000            1823         -0.1203;
    86    3.807            2000            1827         -0.1175;
    87    3.852            2000            1831         -0.1151;
    88    3.896            2000            1835         -0.1117;
    89    3.940            2000            1839         -0.1090;
    90    3.984            2000            1842         -0.1071;
    91    4.029            2000            1845         -0.1053;
    92    4.073            2000            1849         -0.1023;
    93    4.117            2000            1853         -0.1004;
    94    4.161            2000            1855         -0.0983;
    95    4.206            2000            1858         -0.0962;
    96    4.250            2000            1862         -0.0943;
    97    4.294            2000            1864         -0.0922;
    98    4.339            2000            1867         -0.0910;
    99    4.383            2000            1869         -0.0891;
   100    4.427            2000            1872         -0.0870;
   101    4.471            2000            1875         -0.0855;
   102    4.516            2000            1876         -0.0842;
   103    4.560            2000            1879         -0.0821;
   104    4.604            2000            1882         -0.0806;
   105    4.648            2000            1884         -0.0794;
   106    4.693            2000            1885         -0.0784;
   107    4.737            2000            1887         -0.0766;
   108    4.781            2000            1890         -0.0745;
   109    4.826            2000            1892         -0.0736;
   110    4.870            2000            1893         -0.0730;
   111    4.914            2000            1895         -0.0711;
   112    4.958            2000            1898         -0.0690;
   113    5.003               0            1899         -0.0687;
   114    5.047               0            1900          1.2998;
   115    5.091               0            1883          1.2830;
   116    5.135               0            1837          1.2445;
   117    5.180               0            1766          1.1923;
   118    5.224               0            1687          1.1383;
   119    5.268               0            1623          1.0995;
   120    5.313               0            1585          1.0778;
   121    5.357               0            1572          1.0739;
   122    5.401               0            1570          1.0733;
   123    5.445               0            1561          1.0641;
   124    5.490               0            1533          1.0403;
   125    5.534               0            1482          1.0027;
   126    5.578               0            1420          0.9582;
   127    5.622               0            1364          0.9228;
   128    5.667               0            1326          0.9011;
   129    5.711               0            1307          0.8919;
   130    5.755               0            1301          0.8898;
   131    5.799               0            1295          0.8828;
   132    5.844               0            1276          0.8669;
   133    5.888               0            1240          0.8400;
   134    5.932               0            1195          0.8086;
   135    5.977               0            1152          0.7799;
   136    6.021               0            1118          0.7595;
   137    6.065               0            1097          0.7463;
   138    6.109               0            1087          0.7405;
   139    6.154               0            1077          0.7341;
   140    6.198               0            1061          0.7210;
   141    6.242               0            1036          0.7027;
   142    6.286               0            1005          0.6810;
   143    6.331               0             975          0.6618;
   144    6.375               0             950          0.6444;
   145    6.419               0             930          0.6325;
   146    6.464               0             916          0.6239;
   147    6.508               0             901          0.6129;
   148    6.552               0             884          0.6013;
   149    6.596               0             865          0.5870;
   150    6.641               0             846          0.5736;
   151    6.685               0             828          0.5635;
   152    6.729               0             810          0.5501;
   153    6.773               0             793          0.5391;
   154    6.818               0             776          0.5281;
   155    6.862               0             760          0.5171;
   156    6.906               0             743          0.5052;
   157    6.951               0             728          0.4951;
   158    6.995               0             713          0.4847;
   159    7.039               0             698          0.4734;
   160    7.083               0             683          0.4637;
   161    7.128               0             669          0.4551;
   162    7.172               0             655          0.4460;
   163    7.216               0             642          0.4353;
   164    7.260               0             628          0.4277;
   165    7.305               0             616          0.4188;
   166    7.349               0             604          0.4109;
   167    7.393               0             592          0.4023;
   168    7.438               0             579          0.3941;
   169    7.482               0             568          0.3864;
   170    7.526               0             558          0.3788;
   171    7.570               0             546          0.3709;
   172    7.615               0             535          0.3642;
   173    7.659               0             525          0.3571;
   174    7.703               0             516          0.3513;
   175    7.747               0             506          0.3431;
   176    7.792               0             496          0.3373;
   177    7.836               0             487          0.3309;
   178    7.880               0             479          0.3251;
   179    7.924               0             470          0.3190;
   180    7.969               0             461          0.3138;
   181    8.013               0             453          0.3086;
   182    8.057               0             445          0.3031;
   183    8.102               0             437          0.2976;
   184    8.146               0             429          0.2921;
   185    8.190               0             422          0.2872;
   186    8.234               0             415          0.2830;
   187    8.279               0             408          0.2775;
   188    8.323               0             401          0.2726;
   189    8.367               0             394          0.2683;
   190    8.411               0             389          0.2647;
   191    8.456               0             382          0.2595;
   192    8.500               0             375          0.2555;
   193    8.544               0             370          0.2518;
   194    8.589               0             365          0.2488;
   195    8.633               0             359          0.2433;
   196    8.677               0             353          0.2411;
   197    8.721               0             349          0.2378;
   198    8.766               0             344          0.2347;
   199    8.810               0             339          0.2302;
   200    8.854               0             334          0.2271;
   201    8.898               0             330          0.2247;
   202    8.943               0             326          0.2216;
   203    8.987               0             321          0.2186;
   204    9.031               0             317          0.2158;
   205    9.076               0             313          0.2140;
   206    9.120               0             310          0.2109;
   207    9.164               0             305          0.2085;
   208    9.208               0             302          0.2054;
   209    9.253               0             299          0.2036;
   210    9.297               0             296          0.2015;
   211    9.341               0             292          0.1993;
   212    9.385               0             289          0.1975;
   213    9.430               0             287          0.1957;
   214    9.474               0             284          0.1935;
   215    9.518               0             281          0.1914;
   216    9.563               0             278          0.1905;
   217    9.607               0             277          0.1893;
   218    9.651               0             274          0.1865;
   219    9.695               0             271          0.1847;
   220    9.740               0             270          0.1844;
   221    9.784               0             268          0.1832;
   222    9.828               0             266          0.1813;
   223    9.872               0             264          0.1798;
   224    9.917               0             262          0.1789;
   225    9.961               0             261          0.1786;
   226   10.005           -2000             259          0.1764;
   227   10.049           -2000             254          1.5391;
   228   10.094           -2000             231          1.5189;
   229   10.138           -2000             177          1.4762;
   230   10.182           -2000              94          1.4142;
   231   10.227           -2000               2          1.3516;
   232   10.271           -2000             -74          1.3049;
   233   10.315           -2000            -120          1.2790;
   234   10.359           -2000            -138          1.2711;
   235   10.404           -2000            -142          1.2698;
   236   10.448           -2000            -152          1.2607;
   237   10.492           -2000            -185          1.2326;
   238   10.536           -2000            -244          1.1880;
   239   10.581           -2000            -317          1.1371;
   240   10.625           -2000            -384          1.0931;
   241   10.669           -2000            -431          1.0650;
   242   10.714           -2000            -456          1.0531;
   243   10.758           -2000            -464          1.0491;
   244   10.802           -2000            -471          1.0433;
   245   10.846           -2000            -491          1.0259;
   246   10.891           -2000            -531          0.9945;
   247   10.935           -2000            -585          0.9567;
   248   10.979           -2000            -640          0.9197;
   249   11.023           -2000            -684          0.8926;
   250   11.068           -2000            -711          0.8770;
   251   11.112           -2000            -724          0.8709;
   252   11.156           -2000            -732          0.8654;
   253   11.201           -2000            -747          0.8523;
   254   11.245           -2000            -774          0.8321;
   255   11.289           -2000            -811          0.8049;
   256   11.333           -2000            -851          0.7787;
   257   11.378           -2000            -884          0.7570;
   258   11.422           -2000            -909          0.7424;
   259   11.466           -2000            -926          0.7314;
   260   11.510           -2000            -938          0.7228;
   261   11.555           -2000            -954          0.7112;
   262   11.599           -2000            -975          0.6957;
   263   11.643           -2000           -1001          0.6786;
   264   11.688           -2000           -1027          0.6606;
   265   11.732           -2000           -1050          0.6453;
   266   11.776           -2000           -1071          0.6316;
   267   11.820           -2000           -1089          0.6203;
   268   11.865           -2000           -1106          0.6071;
   269   11.909           -2000           -1125          0.5952;
   270   11.953           -2000           -1144          0.5821;
   271   11.997           -2000           -1162          0.5693;
   272   12.042           -2000           -1179          0.5577;
   273   12.086           -2000           -1196          0.5467;
   274   12.130           -2000           -1214          0.5345;
   275   12.174           -2000           -1229          0.5238;
   276   12.219           -2000           -1245          0.5128;
   277   12.263           -2000           -1262          0.5012;
   278   12.307           -2000           -1277          0.4908;
   279   12.352           -2000           -1292          0.4820;
   280   12.396           -2000           -1307          0.4707;
   281   12.440           -2000           -1322          0.4600;
   282   12.484           -2000           -1337          0.4512;
   283   12.529           -2000           -1350          0.4417;
   284   12.573           -2000           -1363          0.4328;
   285   12.617           -2000           -1377          0.4228;
   286   12.661           -2000           -1391          0.4139;
   287   12.706           -2000           -1403          0.4057;
   288   12.750           -2000           -1415          0.3977;
   289   12.794           -2000           -1427          0.3895;
   290   12.839           -2000           -1439          0.3816;
   291   12.883           -2000           -1450          0.3736;
   292   12.927           -2000           -1461          0.3660;
   293   12.971           -2000           -1472          0.3587;
   294   13.016           -2000           -1483          0.3516;
   295   13.060           -2000           -1492          0.3458;
   296   13.104           -2000           -1502          0.3382;
   297   13.148           -2000           -1512          0.3318;
   298   13.193           -2000           -1521          0.3254;
   299   13.237           -2000           -1530          0.3196;
   300   13.281           -2000           -1539          0.3135;
   301   13.326           -2000           -1548          0.3074;
   302   13.370           -2000           -1556          0.3025;
   303   13.414           -2000           -1563          0.2976;
   304   13.458           -2000           -1571          0.2918;
   305   13.503           -2000           -1579          0.2863;
   306   13.547           -2000           -1587          0.2814;
   307   13.591           -2000           -1593          0.2766;
   308   13.635           -2000           -1600          0.2720;
   309   13.680           -2000           -1607          0.2680;
   310   13.724           -2000           -1613          0.2631;
   311   13.768           -2000           -1619          0.2598;
   312   13.813           -2000           -1626          0.2543;
   313   13.857           -2000           -1632          0.2509;
   314   13.901           -2000           -1637          0.2469;
   315   13.945           -2000           -1642          0.2436;
   316   13.990           -2000           -1648          0.2399;
   317   14.034           -2000           -1653          0.2363;
   318   14.078           -2000           -1657          0.2335;
   319   14.122           -2000           -1662          0.2302;
   320   14.167           -2000           -1667          0.2274;
   321   14.211           -2000           -1671          0.2244;
   322   14.255           -2000           -1675          0.2219;
   323   14.299           -2000           -1678          0.2189;
   324   14.344           -2000           -1683          0.2164;
   325   14.388           -2000           -1687          0.2134;
   326   14.432           -2000           -1690          0.2115;
   327   14.477           -2000           -1693          0.2088;
   328   14.521           -2000           -1697          0.2063;
   329   14.565           -2000           -1700          0.2048;
   330   14.609           -2000           -1702          0.2033;
   331   14.654           -2000           -1705          0.2005;
   332   14.698           -2000           -1708          0.1987;
   333   14.742           -2000           -1711          0.1972;
   334   14.786           -2000           -1713          0.1963;
   335   14.831           -2000           -1715          0.1941;
   336   14.875           -2000           -1719          0.1920;
   337   14.919           -2000           -1721          0.1905;
   338   14.964           -2000           -1722          0.1899;
   339   15.008               0           -1725         -1.1795;
   340   15.052               0           -1727         -1.1804;
   341   15.096               0           -1704         -1.1590;
   342   15.141               0           -1652         -1.1181;
   343   15.185               0           -1577         -1.0629;
   344   15.229               0           -1497         -1.0089;
   345   15.273               0           -1433         -0.9695;
   346   15.318               0           -1395         -0.9487;
   347   15.362               0           -1384         -0.9451;
   348   15.406               0           -1382         -0.9447;
   349   15.451               0           -1370         -0.9341;
   350   15.495               0           -1338         -0.9069;
   351   15.539               0           -1285         -0.8675;
   352   15.583               0           -1222         -0.8233;
   353   15.628               0           -1165         -0.7872;
   354   15.672               0           -1127         -0.7643;
   355   15.716               0           -1109         -0.7558;
   356   15.760               0           -1103         -0.7537;
   357   15.805               0           -1094         -0.7460;
   358   15.849               0           -1072         -0.7274;
   359   15.893               0           -1036         -0.6999;
   360   15.938               0            -990         -0.6676;
   361   15.982               0            -945         -0.6377;
   362   16.026               0            -911         -0.6172;
   363   16.070               0            -890         -0.6062;
   364   16.115               0            -879         -0.5992;
   365   16.159               0            -867         -0.5910;
   366   16.203               0            -849         -0.5766;
   367   16.247               0            -824         -0.5571;
   368   16.292               0            -792         -0.5351;
   369   16.336               0            -760         -0.5137;
   370   16.380               0            -734         -0.4982;
   371   16.424               0            -715         -0.4863;
   372   16.469               0            -700         -0.4756;
   373   16.513               0            -684         -0.4643;
   374   16.557               0            -665         -0.4512;
   375   16.602               0            -646         -0.4386;
   376   16.646               0            -626         -0.4240;
   377   16.690               0            -606         -0.4118;
   378   16.734               0            -589         -0.3990;
   379   16.779               0            -573         -0.3877;
   380   16.823               0            -555         -0.3767;
   381   16.867               0            -538         -0.3651;
   382   16.911               0            -523         -0.3550;
   383   16.956               0            -508         -0.3443;
   384   17.000               0            -492         -0.3330;
   385   17.044               0            -477         -0.3236;
   386   17.089               0            -464         -0.3144;
   387   17.133               0            -451         -0.3065;
   388   17.177               0            -437         -0.2958;
   389   17.221               0            -424         -0.2872;
   390   17.266               0            -413         -0.2796;
   391   17.310               0            -401         -0.2714;
   392   17.354               0            -389         -0.2631;
   393   17.398               0            -378         -0.2561;
   394   17.443               0            -368         -0.2500;
   395   17.487               0            -357         -0.2415;
   396   17.531               0            -346         -0.2350;
   397   17.576               0            -336         -0.2277;
   398   17.620               0            -328         -0.2228;
   399   17.664               0            -318         -0.2161;
   400   17.708               0            -309         -0.2088;
   401   17.753               0            -300         -0.2039;
   402   17.797               0            -293         -0.1981;
   403   17.841               0            -284         -0.1926;
   404   17.885               0            -276         -0.1871;
   405   17.930               0            -268         -0.1819;
   406   17.974               0            -260         -0.1764;
   407   18.018               0            -253         -0.1712;
   408   18.063               0            -245         -0.1661;
   409   18.107               0            -239         -0.1627;
   410   18.151               0            -233         -0.1578;
   411   18.195               0            -227         -0.1538;
   412   18.240               0            -220         -0.1496;
   413   18.284               0            -214         -0.1453;
   414   18.328               0            -209         -0.1416;
   415   18.372               0            -204         -0.1383;
   416   18.417               0            -198         -0.1340;
   417   18.461               0            -193         -0.1313;
   418   18.505               0            -189         -0.1279;
   419   18.549               0            -184         -0.1248;
   420   18.594               0            -179         -0.1218;
   421   18.638               0            -175         -0.1190;
   422   18.682               0            -171         -0.1160;
   423   18.727               0            -166         -0.1120;
   424   18.771               0            -161         -0.1096;
   425   18.815               0            -158         -0.1068;
   426   18.859               0            -155         -0.1053;
   427   18.904               0            -151         -0.1026;
   428   18.948               0            -148         -0.1004;
   429   18.992               0            -145         -0.0986;
   430   19.036               0            -142         -0.0965;
   431   19.081               0            -139         -0.0946;
   432   19.125               0            -136         -0.0925;
   433   19.169               0            -134         -0.0910;
   434   19.214               0            -132         -0.0897;
   435   19.258               0            -129         -0.0873;
   436   19.302               0            -126         -0.0861;
   437   19.346               0            -125         -0.0849;
   438   19.391               0            -123         -0.0839;
   439   19.435               0            -121         -0.0818;
   440   19.479               0            -119         -0.0812;
   441   19.523               0            -118         -0.0800;
   442   19.568               0            -116         -0.0791;
   443   19.612               0            -114         -0.0775;
   444   19.656               0            -113         -0.0769;
   445   19.701               0            -112         -0.0763;
   446   19.745               0            -111         -0.0760;
   447   19.789               0            -108         -0.0742;
   448   19.833               0            -107         -0.0726;
   449   19.878               0            -106         -0.0720;
   450   19.922               0            -104         -0.0711;
   451   19.966               0            -103         -0.0699;
   452   20.010            2000            -101         -1.4365;
   453   20.055            2000             -97         -1.4307;
   454   20.099            2000             -70         -1.4078;
   455   20.143            2000              -8         -1.3587;
   456   20.188            2000              81         -1.2946;
   457   20.232            2000             177         -1.2289;
   458   20.276            2000             258         -1.1770;
   459   20.320            2000             308         -1.1499;
   460   20.365            2000             327         -1.1419;
   461   20.409            2000             329         -1.1429;
   462   20.453            2000             338         -1.1340;
   463   20.497            2000             371         -1.1056;
   464   20.542            2000             430         -1.0598;
   465   20.586            2000             506         -1.0064;
   466   20.630            2000             580         -0.9576;
   467   20.674            2000             636         -0.9237;
   468   20.719            2000             664         -0.9096;
   469   20.763            2000             673         -0.9063;
   470   20.807            2000             678         -0.9017;
   471   20.852            2000             695         -0.8877;
   472   20.896            2000             731         -0.8593;
   473   20.940            2000             785         -0.8190;
   474   20.984            2000             845         -0.7778;
   475   21.029            2000             896         -0.7460;
   476   21.073            2000             929         -0.7271;
   477   21.117            2000             945         -0.7195;
   478   21.161            2000             953         -0.7143;
   479   21.206            2000             965         -0.7057;
   480   21.250            2000             988         -0.6862;
   481   21.294            2000            1023         -0.6600;
   482   21.339            2000            1067         -0.6300;
   483   21.383            2000            1107         -0.6035;
   484   21.427            2000            1137         -0.5852;
   485   21.471            2000            1158         -0.5739;
   486   21.516            2000            1172         -0.5632;
   487   21.560            2000            1186         -0.5546;
   488   21.604            2000            1204         -0.5394;
   489   21.648            2000            1229         -0.5217;
   490   21.693            2000            1257         -0.5018;
   491   21.737            2000            1284         -0.4838;
   492   21.781            2000            1306         -0.4704;
   493   21.826            2000            1326         -0.4585;
   494   21.870            2000            1344         -0.4447;
   495   21.914            2000            1363         -0.4319;
   496   21.958            2000            1381         -0.4200;
   497   22.003            2000            1400         -0.4063;
   498   22.047            2000            1418         -0.3944;
   499   22.091            2000            1435         -0.3834;
   500   22.135            2000            1451         -0.3718;
   501   22.180            2000            1467         -0.3599;
   502   22.224            2000            1483         -0.3498;
   503   22.268            2000            1497         -0.3419;
   504   22.313            2000            1512         -0.3300;
   505   22.357            2000            1526         -0.3211;
   506   22.401            2000            1540         -0.3117;
   507   22.445            2000            1552         -0.3040;
   508   22.490            2000            1565         -0.2961;
   509   22.534            2000            1578         -0.2869;
   510   22.578            2000            1589         -0.2793;
   511   22.622            2000            1600         -0.2717;
   512   22.667            2000            1611         -0.2634;
   513   22.711            2000            1621         -0.2573;
   514   22.755            2000            1631         -0.2494;
   515   22.799            2000            1641         -0.2442;
   516   22.844            2000            1650         -0.2372;
   517   22.888            2000            1660         -0.2305;
   518   22.932            2000            1668         -0.2262;
   519   22.977            2000            1676         -0.2207;
   520   23.021            2000            1684         -0.2152;
   521   23.065            2000            1692         -0.2091;
   522   23.109            2000            1700         -0.2045;
   523   23.154            2000            1707         -0.1990;
   524   23.198            2000            1714         -0.1938;
   525   23.242            2000            1721         -0.1896;
   526   23.286            2000            1728         -0.1853;
   527   23.331            2000            1734         -0.1813;
   528   23.375            2000            1740         -0.1770;
   529   23.419            2000            1747         -0.1716;
   530   23.464            2000            1753         -0.1682;
   531   23.508            2000            1758         -0.1639;
   532   23.552            2000            1764         -0.1609;
   533   23.596            2000            1770         -0.1566;
   534   23.641            2000            1775         -0.1529;
   535   23.685            2000            1779         -0.1499;
   536   23.729            2000            1784         -0.1465;
   537   23.773            2000            1790         -0.1422;
   538   23.818            2000            1794         -0.1395;
   539   23.862            2000            1798         -0.1371;
   540   23.906            2000            1803         -0.1334;
   541   23.951            2000            1807         -0.1306;
   542   23.995            2000            1811         -0.1282;
   543   24.039            2000            1815         -0.1258;
   544   24.083            2000            1819         -0.1227;
   545   24.128            2000            1823         -0.1197;
   546   24.172            2000            1827         -0.1175;
   547   24.216            2000            1830         -0.1148;
   548   24.260            2000            1834         -0.1123;
   549   24.305            2000            1837         -0.1108;
   550   24.349            2000            1840         -0.1090;
   551   24.393            2000            1843         -0.1065;
   552   24.438            2000            1846         -0.1044;
   553   24.482            2000            1849         -0.1029;
   554   24.526            2000            1851         -0.1013;
   555   24.570            2000            1854         -0.0989;
   556   24.615            2000            1857         -0.0977;
   557   24.659            2000            1859         -0.0955;
   558   24.703            2000            1861         -0.0949;
   559   24.747            2000            1863         -0.0934;
   560   24.792            2000            1865         -0.0916;
   561   24.836            2000            1868         -0.0904;
   562   24.880            2000            1869         -0.0894;
   563   24.924            2000            1871         -0.0879;
   564   24.969            2000            1873         -0.0864;
   565   25.013               0            1875          1.2824;
   566   25.057               0            1876          1.2830;
   567   25.102               0            1856          1.2625;
   568   25.146               0            1807          1.2231;
   569   25.190               0            1734          1.1703;
   570   25.234               0            1655          1.1172;
   571   25.279               0            1592          1.0778;
   572   25.323               0            1556          1.0595;
   573   25.367               0            1544          1.0553;
   574   25.411               0            1542          1.0540;
   575   25.456               0            1533          1.0449;
   576   25.500               0            1505          1.0217;
   577   25.544               0            1454          0.9838;
   578   25.589               0            1393          0.9396;
   579   25.633               0            1336          0.9035;
   580   25.677               0            1298          0.8816;
   581   25.721               0            1278          0.8706;
   582   25.766               0            1271          0.8675;
   583   25.810               0            1265          0.8632;
   584   25.854               0            1247          0.8489;
   585   25.898               0            1214          0.8233;
   586   25.943               0            1170          0.7915;
   587   25.987               0            1127          0.7625;
   588   26.031               0            1092          0.7408;
   589   26.076               0            1069          0.7262;
   590   26.120               0            1056          0.7201;
   591   26.164               0            1045          0.7121;
   592   26.208               0            1030          0.7005;
   593   26.253               0            1007          0.6841;
   594   26.297               0             978          0.6633;
   595   26.341               0             949          0.6432;
   596   26.385               0             924          0.6276;
   597   26.430               0             903          0.6148;
   598   26.474               0             886          0.6023;
   599   26.518               0             870          0.5916;
   600   26.563               0             853          0.5794;
   601   26.607               0             833          0.5650;
   602   26.651               0             814          0.5528;
   603   26.695               0             797          0.5415;
   604   26.740               0             779          0.5305;
   605   26.784               0             762          0.5174;
   606   26.828               0             746          0.5061;
   607   26.872               0             730          0.4951;
   608   26.917               0             713          0.4835;
   609   26.961               0             697          0.4731;
   610   27.005               0             682          0.4631;
   611   27.049               0             667          0.4542;
   612   27.094               0             652          0.4435;
   613   27.138               0             637          0.4325;
   614   27.182               0             624          0.4249;
   615   27.227               0             610          0.4142;
   616   27.271               0             597          0.4057;
   617   27.315               0             583          0.3965;
   618   27.359               0             571          0.3877;
   619   27.404               0             558          0.3788;
   620   27.448               0             546          0.3700;
   621   27.492               0             534          0.3623;
   622   27.536               0             523          0.3547;
   623   27.581               0             511          0.3477;
   624   27.625               0             500          0.3400;
   625   27.669               0             489          0.3324;
   626   27.714               0             479          0.3263;
   627   27.758               0             469          0.3187;
   628   27.802               0             459          0.3114;
   629   27.846               0             449          0.3056;
   630   27.891               0             441          0.3001;
   631   27.935               0             431          0.2933;
   632   27.979               0             422          0.2863;
   633   28.023               0             413          0.2811;
   634   28.068               0             406          0.2756;
   635   28.112               0             397          0.2701;
   636   28.156               0             389          0.2650;
   637   28.201               0             381          0.2598;
   638   28.245               0             374          0.2543;
   639   28.289               0             367          0.2488;
   640   28.333               0             359          0.2439;
   641   28.378               0             353          0.2402;
   642   28.422               0             347          0.2350;
   643   28.466               0             340          0.2311;
   644   28.510               0             333          0.2271;
   645   28.555               0             327          0.2228;
   646   28.599               0             322          0.2189;
   647   28.643               0             316          0.2149;
   648   28.688               0             310          0.2106;
   649   28.732               0             305          0.2082;
   650   28.776               0             301          0.2048;
   651   28.820               0             295          0.2002;
   652   28.865               0             290          0.1969;
   653   28.909               0             286          0.1944;
   654   28.953               0             282          0.1917;
   655   28.997               0             277          0.1889;
   656   29.042               0             273          0.1856;
   657   29.086               0             269          0.1835;
   658   29.130               0             266          0.1807;
   659   29.174               0             261          0.1780;
   660   29.219               0             258          0.1752;
   661   29.263               0             255          0.1737;
   662   29.307               0             252          0.1716;
   663   29.352               0             248          0.1694;
   664   29.396               0             245          0.1673;
   665   29.440               0             243          0.1658;
   666   29.484               0             241          0.1642;
   667   29.529               0             237          0.1621;
   668   29.573               0             235          0.1600;
   669   29.617               0             233          0.1593;
   670   29.661               0             231          0.1566;
   671   29.706               0             228          0.1557;
   672   29.750               0             226          0.1542;
   673   29.794               0             225          0.1538;
   674   29.839               0             223          0.1514;
   675   29.883               0             221          0.1508;
   676   29.927               0             219          0.1499;
   677   29.971               0             219          0.1493;
   678   30.016           -2000             217          1.5159;
   679   30.060           -2000             211          1.5104;
   680   30.104           -2000             185          1.4872;
   681   30.148           -2000             128          1.4417;
   682   30.193           -2000              44          1.3803;
   683   30.237           -2000             -47          1.3187;
   684   30.281           -2000            -120          1.2723;
   685   30.326           -2000            -163          1.2494;
   686   30.370           -2000            -179          1.2442;
   687   30.414           -2000            -182          1.2424;
   688   30.458           -2000            -194          1.2308;
   689   30.503           -2000            -228          1.2030;
   690   30.547           -2000            -288          1.1569;
   691   30.591           -2000            -361          1.1062;
   692   30.635           -2000            -427          1.0641;
   693   30.680           -2000            -472          1.0375;
   694   30.724           -2000            -495          1.0259;
   695   30.768           -2000            -503          1.0229;
   696   30.813           -2000            -510          1.0162;
   697   30.857           -2000            -531          0.9982;
   698   30.901           -2000            -571          0.9673;
   699   30.945           -2000            -625          0.9298;
   700   30.990           -2000            -678          0.8950;
   701   31.034           -2000            -719          0.8694;
   702   31.078           -2000            -745          0.8550;
   703   31.122           -2000            -759          0.8465;
   704   31.167           -2000            -769          0.8400;
   705   31.211           -2000            -785          0.8272;
   706   31.255           -2000            -813          0.8056;
   707   31.299           -2000            -850          0.7790;
   708   31.344           -2000            -887          0.7543;
   709   31.388           -2000            -919          0.7329;
   710   31.432           -2000            -944          0.7183;
   711   31.477           -2000            -962          0.7067;
   712   31.521           -2000            -976          0.6975;
   713   31.565           -2000            -994          0.6835;
   714   31.609           -2000           -1017          0.6682;
   715   31.654           -2000           -1041          0.6517;
   716   31.698           -2000           -1063          0.6358;
   717   31.742           -2000           -1085          0.6227;
   718   31.786           -2000           -1105          0.6090;
   719   31.831           -2000           -1124          0.5955;
   720   31.875           -2000           -1144          0.5818;
   721   31.919           -2000           -1163          0.5678;
   722   31.964           -2000           -1182          0.5556;
   723   32.008           -2000           -1199          0.5443;
   724   32.052           -2000           -1217          0.5327;
   725   32.096           -2000           -1235          0.5195;
   726   32.141           -2000           -1251          0.5089;
   727   32.185           -2000           -1267          0.4982;
   728   32.229           -2000           -1283          0.4872;
   729   32.273           -2000           -1299          0.4762;
   730   32.318           -2000           -1315          0.4655;
   731   32.362           -2000           -1329          0.4567;
   732   32.406           -2000           -1343          0.4466;
   733   32.451           -2000           -1357          0.4365;
   734   32.495           -2000           -1371          0.4277;
   735   32.539           -2000           -1384          0.4194;
   736   32.583           -2000           -1396          0.4109;
   737   32.628           -2000           -1410          0.4008;
   738   32.672           -2000           -1422          0.3926;
   739   32.716           -2000           -1433          0.3861;
   740   32.760           -2000           -1444          0.3785;
   741   32.805           -2000           -1456          0.3703;
   742   32.849           -2000           -1467          0.3626;
   743   32.893           -2000           -1477          0.3562;
   744   32.938           -2000           -1487          0.3489;
   745   32.982           -2000           -1498          0.3413;
   746   33.026           -2000           -1507          0.3358;
   747   33.070           -2000           -1515          0.3300;
   748   33.115           -2000           -1525          0.3236;
   749   33.159           -2000           -1535          0.3165;
   750   33.203           -2000           -1543          0.3114;
   751   33.247           -2000           -1551          0.3059;
   752   33.292           -2000           -1559          0.3001;
   753   33.336           -2000           -1567          0.2949;
   754   33.380           -2000           -1575          0.2894;
   755   33.424           -2000           -1581          0.2845;
   756   33.469           -2000           -1588          0.2802;
   757   33.513           -2000           -1596          0.2750;
   758   33.557           -2000           -1602          0.2708;
   759   33.602           -2000           -1608          0.2671;
   760   33.646           -2000           -1615          0.2622;
   761   33.690           -2000           -1621          0.2576;
   762   33.734           -2000           -1627          0.2543;
   763   33.779           -2000           -1631          0.2512;
   764   33.823           -2000           -1637          0.2463;
   765   33.867           -2000           -1643          0.2436;
   766   33.911           -2000           -1647          0.2405;
   767   33.956           -2000           -1651          0.2375;
   768   34.000           -2000           -1657          0.2338;
   769   34.044           -2000           -1662          0.2305;
   770   34.089           -2000           -1666          0.2277;
   771   34.133           -2000           -1669          0.2250;
   772   34.177           -2000           -1674          0.2222;
   773   34.221           -2000           -1678          0.2195;
   774   34.266           -2000           -1681          0.2173;
   775   34.310           -2000           -1683          0.2161;
   776   34.354           -2000           -1687          0.2137;
   777   34.398           -2000           -1689          0.2125;
   778   34.443           -2000           -1690          0.2115;
   779   34.487           -2000           -1692          0.2100;
   780   34.531           -2000           -1695          0.2082;
   781   34.576           -2000           -1697          0.2073;
   782   34.620           -2000           -1698          0.2070;
   783   34.664           -2000           -1698          0.2063;
   784   34.708           -2000           -1700          0.2045;
   785   34.753           -2000           -1702          0.2036;
   786   34.797           -2000           -1703          0.2033;
   787   34.841           -2000           -1703          0.2033;
   788   34.885           -2000           -1704          0.2021;
   789   34.930           -2000           -1706          0.2015;
   790   34.974           -2000           -1706          0.2015;
   791   35.018               0           -1706         -1.1664;
   792   35.063               0           -1706         -1.1667;
   793   35.107               0           -1684         -1.1444;
   794   35.151               0           -1631         -1.1023;
   795   35.195               0           -1554         -1.0461;
   796   35.240               0           -1471         -0.9902;
   797   35.284               0           -1401         -0.9469;
   798   35.328               0           -1357         -0.9225;
   799   35.372               0           -1341         -0.9148;
   800   35.417               0           -1338         -0.9151;
   801   35.461               0           -1330         -0.9069;
   802   35.505               0           -1301         -0.8825;
   803   35.549               0           -1251         -0.8437;
   804   35.594               0           -1188         -0.7998;
   805   35.638               0           -1125         -0.7589;
   806   35.682               0           -1078         -0.7295;
   807   35.727               0           -1053         -0.7155;
   808   35.771               0           -1043         -0.7121;
   809   35.815               0           -1037         -0.7070;
   810   35.859               0           -1021         -0.6938;
   811   35.904               0            -990         -0.6700;
   812   35.948               0            -947         -0.6380;
   813   35.992               0            -899         -0.6053;
   814   36.036               0            -857         -0.5794;
   815   36.081               0            -829         -0.5626;
   816   36.125               0            -813         -0.5534;
   817   36.169               0            -803         -0.5470;
   818   36.214               0            -789         -0.5357;
   819   36.258               0            -768         -0.5201;
   820   36.302               0            -740         -0.4997;
   821   36.346               0            -708         -0.4768;
   822   36.391               0            -677         -0.4585;
   823   36.435               0            -654         -0.4438;
   824   36.479               0            -636         -0.4313;
   825   36.523               0            -619         -0.4206;
   826   36.568               0            -601         -0.4075;
   827   36.612               0            -583         -0.3950;
   828   36.656               0            -563         -0.3813;
   829   36.701               0            -543         -0.3678;
   830   36.745               0            -524         -0.3541;
   831   36.789               0            -507         -0.3440;
   832   36.833               0            -490         -0.3321;
   833   36.878               0            -472         -0.3190;
   834   36.922               0            -456         -0.3083;
   835   36.966               0            -441         -0.2979;
   836   37.010               0            -425         -0.2875;
   837   37.055               0            -410         -0.2778;
   838   37.099               0            -396         -0.2683;
   839   37.143               0            -383         -0.2595;
   840   37.188               0            -369         -0.2488;
   841   37.232               0            -356         -0.2408;
   842   37.276               0            -343         -0.2329;
   843   37.320               0            -332         -0.2247;
   844   37.365               0            -319         -0.2164;
   845   37.409               0            -308         -0.2088;
   846   37.453               0            -297         -0.2009;
   847   37.497               0            -287         -0.1947;
   848   37.542               0            -276         -0.1865;
   849   37.586               0            -266         -0.1804;
   850   37.630               0            -257         -0.1737;
   851   37.674               0            -248         -0.1682;
   852   37.719               0            -239         -0.1615;
   853   37.763               0            -230         -0.1551;
   854   37.807               0            -222         -0.1499;
   855   37.852               0            -214         -0.1444;
   856   37.896               0            -205         -0.1383;
   857   37.940               0            -198         -0.1334;
   858   37.984               0            -191         -0.1297;
   859   38.029               0            -184         -0.1245;
   860   38.073               0            -177         -0.1194;
   861   38.117               0            -171         -0.1160;
   862   38.161               0            -165         -0.1117;
   863   38.206               0            -159         -0.1081;
   864   38.250               0            -153         -0.1032;
   865   38.294               0            -148         -0.1001;
   866   38.339               0            -143         -0.0971;
   867   38.383               0            -138         -0.0928;
   868   38.427               0            -133         -0.0894;
   869   38.471               0            -128         -0.0867;
   870   38.516               0            -124         -0.0839;
   871   38.560               0            -120         -0.0812;
   872   38.604               0            -115         -0.0781;
   873   38.648               0            -111         -0.0757;
   874   38.693               0            -108         -0.0733;
   875   38.737               0            -104         -0.0708;
   876   38.781               0            -100         -0.0684;
   877   38.826               0             -97         -0.0653;
   878   38.870               0             -94         -0.0635;
   879   38.914               0             -91         -0.0617;
   880   38.958               0             -87         -0.0592;
   881   39.003               0             -84         -0.0577;
   882   39.047               0             -82         -0.0556;
   883   39.091               0             -79         -0.0534;
   884   39.135               0             -75         -0.0510;
   885   39.180               0             -72         -0.0495;
   886   39.224               0             -70         -0.0470;
   887   39.268               0             -67         -0.0458;
   888   39.313               0             -64         -0.0433;
   889   39.357               0             -62         -0.0418;
   890   39.401               0             -60         -0.0409;
   891   39.445               0             -57         -0.0382;
   892   39.490               0             -54         -0.0369;
   893   39.534               0             -53         -0.0360;
   894   39.578               0             -51         -0.0345;
   895   39.622               0             -48         -0.0330;
   896   39.667               0             -46         -0.0308;
   897   39.711               0             -45         -0.0305;
   898   39.755               0             -43         -0.0293;
   899   39.799               0             -41         -0.0275;
   900   39.844               0             -39         -0.0266;
   901   39.888               0             -38         -0.0256;
   902   39.932               0             -37         -0.0253;
   903   39.977               0             -36         -0.0241;
   904   40.021            2000             -34         -1.3901;
   905   40.065            2000             -29         -1.3843;
   906   40.109            2000               1         -1.3587;
   907   40.154            2000              64         -1.3089;
   908   40.198            2000             155         -1.2421;
   909   40.242            2000             252         -1.1774;
   910   40.286            2000             336         -1.1239;
   911   40.331            2000             390         -1.0928;
   912   40.375            2000             413         -1.0830;
   913   40.419            2000             417         -1.0821;
   914   40.464            2000             425         -1.0751;
   915   40.508            2000             452         -1.0510;
   916   40.552            2000             506         -1.0089;
   917   40.596            2000             578         -0.9576;
   918   40.641            2000             653         -0.9072;
   919   40.685            2000             715         -0.8684;
   920   40.729            2000             754         -0.8471;
   921   40.773            2000             770         -0.8388;
   922   40.818            2000             776         -0.8364;
   923   40.862            2000             787         -0.8251;
   924   40.906            2000             814         -0.8046;
   925   40.951            2000             858         -0.7717;
   926   40.995            2000             914         -0.7314;
   927   41.039            2000             969         -0.6941;
   928   41.083            2000            1013         -0.6673;
   929   41.128            2000            1040         -0.6514;
   930   41.172            2000            1054         -0.6438;
   931   41.216            2000            1065         -0.6383;
   932   41.260            2000            1080         -0.6242;
   933   41.305            2000            1105         -0.6056;
   934   41.349            2000            1141         -0.5797;
   935   41.393            2000            1181         -0.5522;
   936   41.438            2000            1216         -0.5287;
   937   41.482            2000            1244         -0.5113;
   938   41.526            2000            1265         -0.4997;
   939   41.570            2000            1281         -0.4896;
   940   41.615            2000            1297         -0.4780;
   941   41.659            2000            1316         -0.4628;
   942   41.703            2000            1340         -0.4451;
   943   41.747            2000            1365         -0.4298;
   944   41.792            2000            1388         -0.4133;
   945   41.836            2000            1409         -0.4005;
   946   41.880            2000            1429         -0.3871;
   947   41.924            2000            1448         -0.3736;
   948   41.969            2000            1467         -0.3596;
   949   42.013            2000            1486         -0.3477;
   950   42.057            2000            1505         -0.3358;
   951   42.102            2000            1521         -0.3251;
   952   42.146            2000            1537         -0.3141;
   953   42.190            2000            1554         -0.3031;
   954   42.234            2000            1570         -0.2915;
   955   42.279            2000            1584         -0.2817;
   956   42.323            2000            1598         -0.2729;
   957   42.367            2000            1612         -0.2628;
   958   42.411            2000            1626         -0.2537;
   959   42.456            2000            1638         -0.2457;
   960   42.500            2000            1650         -0.2375;
   961   42.544            2000            1662         -0.2283;
   962   42.589            2000            1674         -0.2213;
   963   42.633            2000            1684         -0.2146;
   964   42.677            2000            1694         -0.2063;
   965   42.721            2000            1705         -0.1999;
   966   42.766            2000            1715         -0.1926;
   967   42.810            2000            1724         -0.1877;
   968   42.854            2000            1733         -0.1813;
   969   42.898            2000            1742         -0.1743;
   970   42.943            2000            1751         -0.1685;
   971   42.987            2000            1758         -0.1630;
   972   43.031            2000            1766         -0.1578;
   973   43.076            2000            1774         -0.1523;
   974   43.120            2000            1781         -0.1484;
   975   43.164            2000            1788         -0.1444;
   976   43.208            2000            1794         -0.1386;
   977   43.253            2000            1801         -0.1349;
   978   43.297            2000            1808         -0.1306;
   979   43.341            2000            1813         -0.1273;
   980   43.385            2000            1819         -0.1227;
   981   43.430            2000            1824         -0.1190;
   982   43.474            2000            1830         -0.1148;
   983   43.518            2000            1835         -0.1120;
   984   43.563            2000            1839         -0.1087;
   985   43.607            2000            1844         -0.1056;
   986   43.651            2000            1849         -0.1026;
   987   43.695            2000            1853         -0.1001;
   988   43.740            2000            1857         -0.0971;
   989   43.784            2000            1862         -0.0940;
   990   43.828            2000            1866         -0.0907;
   991   43.872            2000            1869         -0.0894;
   992   43.917            2000            1872         -0.0867;
   993   43.961            2000            1876         -0.0839;
   994   44.005            2000            1880         -0.0818;
   995   44.049            2000            1883         -0.0794;
   996   44.094            2000            1886         -0.0766;
   997   44.138            2000            1890         -0.0751;
   998   44.182            2000            1892         -0.0730;
   999   44.227            2000            1895         -0.0711;
  1000   44.271            2000            1898         -0.0687;
  1001   44.315            2000            1902         -0.0662;
  1002   44.359            2000            1904         -0.0647;
  1003   44.404            2000            1907         -0.0632;
  1004   44.448            2000            1910         -0.0604;
  1005   44.492            2000            1913         -0.0595;
  1006   44.536            2000            1915         -0.0577;
  1007   44.581            2000            1916         -0.0571;
  1008   44.625            2000            1919         -0.0546;
  1009   44.669            2000            1921         -0.0534;
  1010   44.714            2000            1923         -0.0519;
  1011   44.758            2000            1924         -0.0516;
  1012   44.802            2000            1927         -0.0495;
  1013   44.846            2000            1928         -0.0485;
  1014   44.891            2000            1930         -0.0476;
  1015   44.935            2000            1931         -0.0470;
  1016   44.979            2000            1932         -0.0461;
  1017   45.023               0            1934          1.3233;
  1018   45.068               0            1933          1.3223;
  1019   45.112               0            1910          1.3004;
  1020   45.156               0            1859          1.2585;
  1021   45.201               0            1784          1.2036;
  1022   45.245               0            1703          1.1493;
  1023   45.289               0            1637          1.1078;
  1024   45.333               0            1598          1.0879;
  1025   45.378               0            1585          1.0836;
  1026   45.422               0            1583          1.0824;
  1027   45.466               0            1576          1.0760;
  1028   45.510               0            1550          1.0534;
  1029   45.555               0            1503          1.0171;
  1030   45.599               0            1440          0.9719;
  1031   45.643               0            1380          0.9316;
  1032   45.688               0            1335          0.9060;
  1033   45.732               0            1311          0.8938;
  1034   45.776               0            1302          0.8892;
  1035   45.820               0            1298          0.8861;
  1036   45.865               0            1285          0.8739;
  1037   45.909               0            1257          0.8526;
  1038   45.953               0            1215          0.8220;
  1039   45.997               0            1169          0.7903;
  1040   46.042               0            1129          0.7653;
  1041   46.086               0            1101          0.7476;
  1042   46.130               0            1084          0.7396;
  1043   46.174               0            1074          0.7323;
  1044   46.219               0            1063          0.7250;
  1045   46.263               0            1044          0.7097;
  1046   46.307               0            1018          0.6902;
  1047   46.352               0             987          0.6691;
  1048   46.396               0             959          0.6511;
  1049   46.440               0             935          0.6358;
  1050   46.484               0             916          0.6236;
  1051   46.529               0             901          0.6132;
  1052   46.573               0             885          0.6010;
  1053   46.617               0             867          0.5904;
  1054   46.661               0             849          0.5769;
  1055   46.706               0             831          0.5656;
  1056   46.750               0             814          0.5525;
  1057   46.794               0             797          0.5418;
  1058   46.839               0             781          0.5311;
  1059   46.883               0             765          0.5198;
  1060   46.927               0             749          0.5082;
  1061   46.971               0             733          0.4976;
  1062   47.016               0             718          0.4881;
  1063   47.060               0             705          0.4795;
  1064   47.104               0             690          0.4679;
  1065   47.148               0             675          0.4594;
  1066   47.193               0             662          0.4493;
  1067   47.237               0             649          0.4411;
  1068   47.281               0             636          0.4332;
  1069   47.326               0             623          0.4228;
  1070   47.370               0             611          0.4151;
  1071   47.414               0             599          0.4078;
  1072   47.458               0             587          0.3996;
  1073   47.503               0             575          0.3913;
  1074   47.547               0             565          0.3846;
  1075   47.591               0             554          0.3761;
  1076   47.635               0             543          0.3697;
  1077   47.680               0             532          0.3626;
  1078   47.724               0             523          0.3556;
  1079   47.768               0             514          0.3492;
  1080   47.813               0             504          0.3428;
  1081   47.857               0             494          0.3358;
  1082   47.901               0             486          0.3306;
  1083   47.945               0             478          0.3248;
  1084   47.990               0             469          0.3193;
  1085   48.034               0             460          0.3132;
  1086   48.078               0             453          0.3083;
  1087   48.122               0             445          0.3031;
  1088   48.167               0             437          0.2976;
  1089   48.211               0             429          0.2924;
  1090   48.255               0             423          0.2875;
  1091   48.299               0             416          0.2836;
  1092   48.344               0             409          0.2787;
  1093   48.388               0             402          0.2735;
  1094   48.432               0             397          0.2705;
  1095   48.477               0             390          0.2656;
  1096   48.521               0             384          0.2613;
  1097   48.565               0             378          0.2570;
  1098   48.609               0             373          0.2549;
  1099   48.654               0             368          0.2506;
  1100   48.698               0             362          0.2460;
  1101   48.742               0             357          0.2433;
  1102   48.786               0             353          0.2405;
  1103   48.831               0             348          0.2372;
  1104   48.875               0             343          0.2329;
  1105   48.919               0             338          0.2305;
  1106   48.964               0             335          0.2277;
  1107   49.008               0             331          0.2250;
  1108   49.052               0             326          0.2219;
  1109   49.096               0             323          0.2198;
  1110   49.141               0             320          0.2183;
  1111   49.185               0             316          0.2152;
  1112   49.229               0             312          0.2128;
  1113   49.273               0             309          0.2109;
  1114   49.318               0             307          0.2091;
  1115   49.362               0             303          0.2070;
  1116   49.406               0             300          0.2048;
  1117   49.451               0             298          0.2030;
  1118   49.495               0             296          0.2021;
  1119   49.539               0             293          0.1999;
  1120   49.583               0             290          0.1978;
  1121   49.628               0             289          0.1969;
  1122   49.672               0             287          0.1960;
  1123   49.716               0             285          0.1941;
  1124   49.760               0             282          0.1923;
  1125   49.805               0             281          0.1920;
  1126   49.849               0             280          0.1914;
  1127   49.893               0             278          0.1893;
  1128   49.938               0             276          0.1883]
