 Sample   Time     Commanded 1 Pos   Encoder 3 Pos 

[    0    0.000               0               5;
     1    0.009            2000               5;
     2    0.018            2000               7;
     3    0.027            2000              11;
     4    0.035            2000              16;
     5    0.044            2000              22;
     6    0.053            2000              30;
     7    0.062            2000              39;
     8    0.071            2000              49;
     9    0.080            2000              61;
    10    0.089            2000              74;
    11    0.097            2000              89;
    12    0.106            2000             105;
    13    0.115            2000             122;
    14    0.124            2000             140;
    15    0.133            2000             160;
    16    0.142            2000             181;
    17    0.151            2000             203;
    18    0.159            2000             227;
    19    0.168            2000             252;
    20    0.177            2000             278;
    21    0.186            2000             306;
    22    0.195            2000             335;
    23    0.204            2000             365;
    24    0.213            2000             397;
    25    0.221            2000             430;
    26    0.230            2000             465;
    27    0.239            2000             500;
    28    0.248            2000             537;
    29    0.257            2000             576;
    30    0.266            2000             616;
    31    0.274            2000             657;
    32    0.283            2000             699;
    33    0.292            2000             743;
    34    0.301            2000             788;
    35    0.310            2000             834;
    36    0.319            2000             882;
    37    0.328            2000             931;
    38    0.336            2000             981;
    39    0.345            2000            1032;
    40    0.354            2000            1085;
    41    0.363            2000            1138;
    42    0.372            2000            1192;
    43    0.381            2000            1246;
    44    0.390            2000            1301;
    45    0.398            2000            1357;
    46    0.407            2000            1413;
    47    0.416            2000            1470;
    48    0.425            2000            1527;
    49    0.434            2000            1584;
    50    0.443            2000            1641;
    51    0.452            2000            1698;
    52    0.460            2000            1755;
    53    0.469            2000            1812;
    54    0.478            2000            1869;
    55    0.487            2000            1925;
    56    0.496            2000            1981;
    57    0.505            2000            2036;
    58    0.514            2000            2090;
    59    0.522            2000            2144;
    60    0.531            2000            2197;
    61    0.540            2000            2250;
    62    0.549            2000            2301;
    63    0.558            2000            2351;
    64    0.567            2000            2400;
    65    0.576            2000            2448;
    66    0.584            2000            2495;
    67    0.593            2000            2540;
    68    0.602            2000            2584;
    69    0.611            2000            2626;
    70    0.620            2000            2666;
    71    0.629            2000            2705;
    72    0.638            2000            2743;
    73    0.646            2000            2778;
    74    0.655            2000            2812;
    75    0.664            2000            2843;
    76    0.673            2000            2873;
    77    0.682            2000            2901;
    78    0.691            2000            2926;
    79    0.699            2000            2950;
    80    0.708            2000            2971;
    81    0.717            2000            2990;
    82    0.726            2000            3007;
    83    0.735            2000            3022;
    84    0.744            2000            3035;
    85    0.753            2000            3045;
    86    0.761            2000            3053;
    87    0.770            2000            3059;
    88    0.779            2000            3062;
    89    0.788            2000            3064;
    90    0.797            2000            3064;
    91    0.806            2000            3062;
    92    0.815            2000            3056;
    93    0.823            2000            3049;
    94    0.832            2000            3040;
    95    0.841            2000            3029;
    96    0.850            2000            3016;
    97    0.859            2000            3002;
    98    0.868            2000            2986;
    99    0.877            2000            2968;
   100    0.885            2000            2949;
   101    0.894            2000            2929;
   102    0.903            2000            2907;
   103    0.912            2000            2883;
   104    0.921            2000            2859;
   105    0.930            2000            2833;
   106    0.939            2000            2806;
   107    0.947            2000            2777;
   108    0.956            2000            2748;
   109    0.965            2000            2718;
   110    0.974            2000            2686;
   111    0.983            2000            2654;
   112    0.992            2000            2621;
   113    1.001            2000            2587;
   114    1.009            2000            2552;
   115    1.018            2000            2517;
   116    1.027            2000            2481;
   117    1.036            2000            2445;
   118    1.045            2000            2408;
   119    1.054            2000            2371;
   120    1.063            2000            2333;
   121    1.071            2000            2296;
   122    1.080            2000            2258;
   123    1.089            2000            2220;
   124    1.098            2000            2182;
   125    1.107            2000            2143;
   126    1.116            2000            2106;
   127    1.124            2000            2068;
   128    1.133            2000            2030;
   129    1.142            2000            1993;
   130    1.151            2000            1956;
   131    1.160            2000            1919;
   132    1.169            2000            1883;
   133    1.178            2000            1848;
   134    1.186            2000            1813;
   135    1.195            2000            1779;
   136    1.204            2000            1746;
   137    1.213            2000            1713;
   138    1.222            2000            1681;
   139    1.231            2000            1650;
   140    1.240            2000            1620;
   141    1.248            2000            1591;
   142    1.257            2000            1563;
   143    1.266            2000            1537;
   144    1.275            2000            1511;
   145    1.284            2000            1486;
   146    1.293            2000            1463;
   147    1.302            2000            1441;
   148    1.310            2000            1420;
   149    1.319            2000            1401;
   150    1.328            2000            1382;
   151    1.337            2000            1366;
   152    1.346            2000            1350;
   153    1.355            2000            1335;
   154    1.364            2000            1323;
   155    1.372            2000            1311;
   156    1.381            2000            1301;
   157    1.390            2000            1292;
   158    1.399            2000            1285;
   159    1.408            2000            1279;
   160    1.417            2000            1274;
   161    1.426            2000            1270;
   162    1.434            2000            1267;
   163    1.443            2000            1265;
   164    1.452            2000            1264;
   165    1.461            2000            1264;
   166    1.470            2000            1264;
   167    1.479            2000            1266;
   168    1.488            2000            1268;
   169    1.496            2000            1272;
   170    1.505            2000            1277;
   171    1.514            2000            1282;
   172    1.523            2000            1289;
   173    1.532            2000            1296;
   174    1.541            2000            1304;
   175    1.549            2000            1313;
   176    1.558            2000            1322;
   177    1.567            2000            1333;
   178    1.576            2000            1344;
   179    1.585            2000            1356;
   180    1.594            2000            1368;
   181    1.603            2000            1381;
   182    1.611            2000            1395;
   183    1.620            2000            1409;
   184    1.629            2000            1424;
   185    1.638            2000            1440;
   186    1.647            2000            1456;
   187    1.656            2000            1472;
   188    1.665            2000            1489;
   189    1.673            2000            1506;
   190    1.682            2000            1524;
   191    1.691            2000            1542;
   192    1.700            2000            1560;
   193    1.709            2000            1579;
   194    1.718            2000            1597;
   195    1.727            2000            1617;
   196    1.735            2000            1636;
   197    1.744            2000            1655;
   198    1.753            2000            1674;
   199    1.762            2000            1694;
   200    1.771            2000            1713;
   201    1.780            2000            1732;
   202    1.789            2000            1752;
   203    1.797            2000            1771;
   204    1.806            2000            1790;
   205    1.815            2000            1809;
   206    1.824            2000            1828;
   207    1.833            2000            1846;
   208    1.842            2000            1864;
   209    1.851            2000            1882;
   210    1.859            2000            1900;
   211    1.868            2000            1917;
   212    1.877            2000            1933;
   213    1.886            2000            1950;
   214    1.895            2000            1966;
   215    1.904            2000            1981;
   216    1.913            2000            1996;
   217    1.921            2000            2010;
   218    1.930            2000            2024;
   219    1.939            2000            2037;
   220    1.948            2000            2050;
   221    1.957            2000            2062;
   222    1.966            2000            2073;
   223    1.974            2000            2084;
   224    1.983            2000            2094;
   225    1.992            2000            2104;
   226    2.001            2000            2113;
   227    2.010            2000            2121;
   228    2.019            2000            2128;
   229    2.028            2000            2135;
   230    2.036            2000            2141;
   231    2.045            2000            2146;
   232    2.054            2000            2150;
   233    2.063            2000            2154;
   234    2.072            2000            2157;
   235    2.081            2000            2160;
   236    2.090            2000            2161;
   237    2.098            2000            2162;
   238    2.107            2000            2163;
   239    2.116            2000            2163;
   240    2.125            2000            2163;
   241    2.134            2000            2162;
   242    2.143            2000            2159;
   243    2.152            2000            2157;
   244    2.160            2000            2153;
   245    2.169            2000            2149;
   246    2.178            2000            2145;
   247    2.187            2000            2140;
   248    2.196            2000            2134;
   249    2.205            2000            2128;
   250    2.214            2000            2122;
   251    2.222            2000            2115;
   252    2.231            2000            2108;
   253    2.240            2000            2100;
   254    2.249            2000            2091;
   255    2.258            2000            2083;
   256    2.267            2000            2074;
   257    2.276            2000            2064;
   258    2.284            2000            2055;
   259    2.293            2000            2045;
   260    2.302            2000            2034;
   261    2.311            2000            2023;
   262    2.320            2000            2012;
   263    2.329            2000            2001;
   264    2.338            2000            1989;
   265    2.346            2000            1978;
   266    2.355            2000            1966;
   267    2.364            2000            1954;
   268    2.373            2000            1941;
   269    2.382            2000            1929;
   270    2.391            2000            1916;
   271    2.399            2000            1904;
   272    2.408            2000            1891;
   273    2.417            2000            1878;
   274    2.426            2000            1866;
   275    2.435            2000            1853;
   276    2.444            2000            1840;
   277    2.453            2000            1828;
   278    2.461            2000            1815;
   279    2.470            2000            1803;
   280    2.479            2000            1790;
   281    2.488            2000            1778;
   282    2.497            2000            1766;
   283    2.506            2000            1754;
   284    2.515            2000            1742;
   285    2.523            2000            1730;
   286    2.532            2000            1719;
   287    2.541            2000            1708;
   288    2.550            2000            1697;
   289    2.559            2000            1686;
   290    2.568            2000            1676;
   291    2.577            2000            1666;
   292    2.585            2000            1656;
   293    2.594            2000            1646;
   294    2.603            2000            1637;
   295    2.612            2000            1628;
   296    2.621            2000            1619;
   297    2.630            2000            1611;
   298    2.639            2000            1603;
   299    2.647            2000            1596;
   300    2.656            2000            1589;
   301    2.665            2000            1582;
   302    2.674            2000            1576;
   303    2.683            2000            1570;
   304    2.692            2000            1565;
   305    2.701            2000            1559;
   306    2.709            2000            1555;
   307    2.718            2000            1551;
   308    2.727            2000            1547;
   309    2.736            2000            1544;
   310    2.745            2000            1542;
   311    2.754            2000            1540;
   312    2.763            2000            1538;
   313    2.771            2000            1537;
   314    2.780            2000            1536;
   315    2.789            2000            1536;
   316    2.798            2000            1536;
   317    2.807            2000            1536;
   318    2.816            2000            1536;
   319    2.824            2000            1538;
   320    2.833            2000            1540;
   321    2.842            2000            1543;
   322    2.851            2000            1546;
   323    2.860            2000            1549;
   324    2.869            2000            1553;
   325    2.878            2000            1556;
   326    2.886            2000            1561;
   327    2.895            2000            1565;
   328    2.904            2000            1570;
   329    2.913            2000            1576;
   330    2.922            2000            1581;
   331    2.931            2000            1587;
   332    2.940            2000            1594;
   333    2.948            2000            1600;
   334    2.957            2000            1607;
   335    2.966            2000            1614;
   336    2.975            2000            1621;
   337    2.984            2000            1629;
   338    2.993            2000            1637;
   339    3.002            2000            1645;
   340    3.010               0            1653;
   341    3.019               0            1658;
   342    3.028               0            1662;
   343    3.037               0            1664;
   344    3.046               0            1664;
   345    3.055               0            1663;
   346    3.064               0            1658;
   347    3.072               0            1651;
   348    3.081               0            1642;
   349    3.090               0            1631;
   350    3.099               0            1619;
   351    3.108               0            1604;
   352    3.117               0            1587;
   353    3.126               0            1568;
   354    3.134               0            1548;
   355    3.143               0            1525;
   356    3.152               0            1502;
   357    3.161               0            1476;
   358    3.170               0            1449;
   359    3.179               0            1421;
   360    3.188               0            1390;
   361    3.196               0            1359;
   362    3.205               0            1326;
   363    3.214               0            1291;
   364    3.223               0            1255;
   365    3.232               0            1218;
   366    3.241               0            1179;
   367    3.249               0            1138;
   368    3.258               0            1096;
   369    3.267               0            1053;
   370    3.276               0            1009;
   371    3.285               0             963;
   372    3.294               0             916;
   373    3.303               0             869;
   374    3.311               0             820;
   375    3.320               0             770;
   376    3.329               0             720;
   377    3.338               0             669;
   378    3.347               0             617;
   379    3.356               0             565;
   380    3.365               0             512;
   381    3.373               0             459;
   382    3.382               0             406;
   383    3.391               0             352;
   384    3.400               0             299;
   385    3.409               0             245;
   386    3.418               0             192;
   387    3.427               0             139;
   388    3.435               0              86;
   389    3.444               0              33;
   390    3.453               0             -19;
   391    3.462               0             -70;
   392    3.471               0            -121;
   393    3.480               0            -172;
   394    3.489               0            -221;
   395    3.497               0            -269;
   396    3.506               0            -317;
   397    3.515               0            -364;
   398    3.524               0            -409;
   399    3.533               0            -454;
   400    3.542               0            -497;
   401    3.551               0            -538;
   402    3.559               0            -579;
   403    3.568               0            -618;
   404    3.577               0            -656;
   405    3.586               0            -692;
   406    3.595               0            -727;
   407    3.604               0            -760;
   408    3.613               0            -791;
   409    3.621               0            -821;
   410    3.630               0            -849;
   411    3.639               0            -875;
   412    3.648               0            -900;
   413    3.657               0            -922;
   414    3.666               0            -943;
   415    3.674               0            -962;
   416    3.683               0            -979;
   417    3.692               0            -994;
   418    3.701               0           -1007;
   419    3.710               0           -1019;
   420    3.719               0           -1029;
   421    3.728               0           -1037;
   422    3.736               0           -1044;
   423    3.745               0           -1049;
   424    3.754               0           -1053;
   425    3.763               0           -1055;
   426    3.772               0           -1056;
   427    3.781               0           -1056;
   428    3.790               0           -1054;
   429    3.798               0           -1051;
   430    3.807               0           -1045;
   431    3.816               0           -1039;
   432    3.825               0           -1031;
   433    3.834               0           -1021;
   434    3.843               0           -1010;
   435    3.852               0            -998;
   436    3.860               0            -985;
   437    3.869               0            -970;
   438    3.878               0            -954;
   439    3.887               0            -937;
   440    3.896               0            -919;
   441    3.905               0            -899;
   442    3.914               0            -879;
   443    3.922               0            -857;
   444    3.931               0            -834;
   445    3.940               0            -811;
   446    3.949               0            -786;
   447    3.958               0            -760;
   448    3.967               0            -734;
   449    3.976               0            -706;
   450    3.984               0            -678;
   451    3.993               0            -649;
   452    4.002               0            -619;
   453    4.011               0            -589;
   454    4.020               0            -558;
   455    4.029               0            -526;
   456    4.038               0            -494;
   457    4.046               0            -462;
   458    4.055               0            -429;
   459    4.064               0            -395;
   460    4.073               0            -362;
   461    4.082               0            -328;
   462    4.091               0            -294;
   463    4.099               0            -260;
   464    4.108               0            -226;
   465    4.117               0            -191;
   466    4.126               0            -157;
   467    4.135               0            -123;
   468    4.144               0             -89;
   469    4.153               0             -55;
   470    4.161               0             -22;
   471    4.170               0              12;
   472    4.179               0              44;
   473    4.188               0              76;
   474    4.197               0             108;
   475    4.206               0             138;
   476    4.215               0             168;
   477    4.223               0             197;
   478    4.232               0             226;
   479    4.241               0             253;
   480    4.250               0             280;
   481    4.259               0             306;
   482    4.268               0             330;
   483    4.277               0             354;
   484    4.285               0             377;
   485    4.294               0             398;
   486    4.303               0             419;
   487    4.312               0             438;
   488    4.321               0             456;
   489    4.330               0             473;
   490    4.339               0             489;
   491    4.347               0             504;
   492    4.356               0             518;
   493    4.365               0             530;
   494    4.374               0             541;
   495    4.383               0             551;
   496    4.392               0             559;
   497    4.401               0             567;
   498    4.409               0             573;
   499    4.418               0             577;
   500    4.427               0             581;
   501    4.436               0             583;
   502    4.445               0             584;
   503    4.454               0             585;
   504    4.463               0             584;
   505    4.471               0             581;
   506    4.480               0             577;
   507    4.489               0             572;
   508    4.498               0             566;
   509    4.507               0             558;
   510    4.516               0             550;
   511    4.524               0             540;
   512    4.533               0             529;
   513    4.542               0             517;
   514    4.551               0             504;
   515    4.560               0             491;
   516    4.569               0             476;
   517    4.578               0             460;
   518    4.586               0             444;
   519    4.595               0             427;
   520    4.604               0             409;
   521    4.613               0             391;
   522    4.622               0             372;
   523    4.631               0             353;
   524    4.640               0             334;
   525    4.648               0             314;
   526    4.657               0             294;
   527    4.666               0             274;
   528    4.675               0             253;
   529    4.684               0             233;
   530    4.693               0             212;
   531    4.702               0             192;
   532    4.710               0             171;
   533    4.719               0             150;
   534    4.728               0             130;
   535    4.737               0             110;
   536    4.746               0              89;
   537    4.755               0              69;
   538    4.764               0              49;
   539    4.772               0              30;
   540    4.781               0              10;
   541    4.790               0              -9;
   542    4.799               0             -28;
   543    4.808               0             -46;
   544    4.817               0             -64;
   545    4.826               0             -82;
   546    4.834               0             -99;
   547    4.843               0            -116;
   548    4.852               0            -132;
   549    4.861               0            -147;
   550    4.870               0            -162;
   551    4.879               0            -177;
   552    4.888               0            -191;
   553    4.896               0            -205;
   554    4.905               0            -218;
   555    4.914               0            -231;
   556    4.923               0            -243;
   557    4.932               0            -255;
   558    4.941               0            -267;
   559    4.949               0            -278;
   560    4.958               0            -289;
   561    4.967               0            -300;
   562    4.976               0            -310;
   563    4.985               0            -320;
   564    4.994               0            -329;
   565    5.003               0            -338;
   566    5.011               0            -347;
   567    5.020               0            -355;
   568    5.029               0            -363;
   569    5.038               0            -370;
   570    5.047               0            -377;
   571    5.056               0            -383;
   572    5.065               0            -389;
   573    5.073               0            -394;
   574    5.082               0            -399;
   575    5.091               0            -404;
   576    5.100               0            -408;
   577    5.109               0            -411;
   578    5.118               0            -414;
   579    5.127               0            -417;
   580    5.135               0            -419;
   581    5.144               0            -420;
   582    5.153               0            -422;
   583    5.162               0            -422;
   584    5.171               0            -423;
   585    5.180               0            -423;
   586    5.189               0            -423;
   587    5.197               0            -421;
   588    5.206               0            -420;
   589    5.215               0            -418;
   590    5.224               0            -416;
   591    5.233               0            -413;
   592    5.242               0            -410;
   593    5.251               0            -407;
   594    5.259               0            -403;
   595    5.268               0            -398;
   596    5.277               0            -394;
   597    5.286               0            -389;
   598    5.295               0            -384;
   599    5.304               0            -378;
   600    5.313               0            -372;
   601    5.321               0            -367;
   602    5.330               0            -360;
   603    5.339               0            -354;
   604    5.348               0            -347;
   605    5.357               0            -340;
   606    5.366               0            -332;
   607    5.374               0            -325;
   608    5.383               0            -317;
   609    5.392               0            -309;
   610    5.401               0            -301;
   611    5.410               0            -292;
   612    5.419               0            -284;
   613    5.428               0            -275;
   614    5.436               0            -267;
   615    5.445               0            -258;
   616    5.454               0            -248;
   617    5.463               0            -239;
   618    5.472               0            -230;
   619    5.481               0            -221;
   620    5.490               0            -211;
   621    5.498               0            -202;
   622    5.507               0            -192;
   623    5.516               0            -183;
   624    5.525               0            -174;
   625    5.534               0            -164;
   626    5.543               0            -155;
   627    5.552               0            -145;
   628    5.560               0            -136;
   629    5.569               0            -127;
   630    5.578               0            -117;
   631    5.587               0            -108;
   632    5.596               0             -99;
   633    5.605               0             -90;
   634    5.614               0             -82;
   635    5.622               0             -73;
   636    5.631               0             -65;
   637    5.640               0             -57;
   638    5.649               0             -49;
   639    5.658               0             -41;
   640    5.667               0             -34;
   641    5.676               0             -26;
   642    5.684               0             -19;
   643    5.693               0             -13;
   644    5.702               0              -7;
   645    5.711               0              -1;
   646    5.720               0               5;
   647    5.729               0              10;
   648    5.738               0              15;
   649    5.746               0              20;
   650    5.755               0              24;
   651    5.764               0              28;
   652    5.773               0              31;
   653    5.782               0              34;
   654    5.791               0              37;
   655    5.799               0              39;
   656    5.808               0              41;
   657    5.817               0              42;
   658    5.826               0              44;
   659    5.835               0              44;
   660    5.844               0              45;
   661    5.853               0              45;
   662    5.861               0              45;
   663    5.870               0              45;
   664    5.879               0              45;
   665    5.888               0              44;
   666    5.897               0              42;
   667    5.906               0              40;
   668    5.915               0              38;
   669    5.923               0              35;
   670    5.932               0              32;
   671    5.941               0              29;
   672    5.950               0              25;
   673    5.959               0              22;
   674    5.968               0              18;
   675    5.977               0              13;
   676    5.985               0               9;
   677    5.994               0               4]
