 Sample   Time     Commanded 1 Pos   Encoder 3 Pos 

[    0    0.000               0               0;
     1    0.009            2000               0;
     2    0.018            2000              -0;
     3    0.027            2000              -1;
     4    0.035            2000              -3;
     5    0.044            2000              -5;
     6    0.053            2000              -8;
     7    0.062            2000             -10;
     8    0.071            2000             -14;
     9    0.080            2000             -18;
    10    0.089            2000             -22;
    11    0.097            2000             -27;
    12    0.106            2000             -32;
    13    0.115            2000             -38;
    14    0.124            2000             -44;
    15    0.133            2000             -50;
    16    0.142            2000             -57;
    17    0.151            2000             -64;
    18    0.159            2000             -72;
    19    0.168            2000             -80;
    20    0.177            2000             -88;
    21    0.186            2000             -97;
    22    0.195            2000            -106;
    23    0.204            2000            -115;
    24    0.213            2000            -125;
    25    0.221            2000            -135;
    26    0.230            2000            -146;
    27    0.239            2000            -157;
    28    0.248            2000            -168;
    29    0.257            2000            -179;
    30    0.266            2000            -191;
    31    0.274            2000            -204;
    32    0.283            2000            -217;
    33    0.292            2000            -230;
    34    0.301            2000            -243;
    35    0.310            2000            -257;
    36    0.319            2000            -271;
    37    0.328            2000            -286;
    38    0.336            2000            -301;
    39    0.345            2000            -316;
    40    0.354            2000            -331;
    41    0.363            2000            -347;
    42    0.372            2000            -364;
    43    0.381            2000            -380;
    44    0.390            2000            -397;
    45    0.398            2000            -414;
    46    0.407            2000            -432;
    47    0.416            2000            -450;
    48    0.425            2000            -468;
    49    0.434            2000            -486;
    50    0.443            2000            -505;
    51    0.452            2000            -524;
    52    0.460            2000            -544;
    53    0.469            2000            -563;
    54    0.478            2000            -583;
    55    0.487            2000            -603;
    56    0.496            2000            -624;
    57    0.505            2000            -645;
    58    0.514            2000            -666;
    59    0.522            2000            -687;
    60    0.531            2000            -709;
    61    0.540            2000            -731;
    62    0.549            2000            -753;
    63    0.558            2000            -776;
    64    0.567            2000            -798;
    65    0.576            2000            -822;
    66    0.584            2000            -845;
    67    0.593            2000            -869;
    68    0.602            2000            -893;
    69    0.611            2000            -917;
    70    0.620            2000            -941;
    71    0.629            2000            -966;
    72    0.638            2000            -991;
    73    0.646            2000           -1017;
    74    0.655            2000           -1042;
    75    0.664            2000           -1068;
    76    0.673            2000           -1094;
    77    0.682            2000           -1121;
    78    0.691            2000           -1148;
    79    0.699            2000           -1175;
    80    0.708            2000           -1202;
    81    0.717            2000           -1230;
    82    0.726            2000           -1258;
    83    0.735            2000           -1286;
    84    0.744            2000           -1314;
    85    0.753            2000           -1343;
    86    0.761            2000           -1372;
    87    0.770            2000           -1401;
    88    0.779            2000           -1430;
    89    0.788            2000           -1460;
    90    0.797            2000           -1490;
    91    0.806            2000           -1521;
    92    0.815            2000           -1551;
    93    0.823            2000           -1582;
    94    0.832            2000           -1613;
    95    0.841            2000           -1644;
    96    0.850            2000           -1676;
    97    0.859            2000           -1708;
    98    0.868            2000           -1740;
    99    0.877            2000           -1772;
   100    0.885            2000           -1805;
   101    0.894            2000           -1837;
   102    0.903            2000           -1870;
   103    0.912            2000           -1904;
   104    0.921            2000           -1938;
   105    0.930            2000           -1971;
   106    0.939            2000           -2006;
   107    0.947            2000           -2040;
   108    0.956            2000           -2075;
   109    0.965            2000           -2110;
   110    0.974            2000           -2145;
   111    0.983            2000           -2181;
   112    0.992            2000           -2216;
   113    1.001            2000           -2253;
   114    1.009            2000           -2289;
   115    1.018            2000           -2325;
   116    1.027            2000           -2362;
   117    1.036            2000           -2399;
   118    1.045            2000           -2436;
   119    1.054            2000           -2474;
   120    1.063            2000           -2512;
   121    1.071            2000           -2550;
   122    1.080            2000           -2588;
   123    1.089            2000           -2626;
   124    1.098            2000           -2665;
   125    1.107            2000           -2704;
   126    1.116            2000           -2743;
   127    1.124            2000           -2783;
   128    1.133            2000           -2822;
   129    1.142            2000           -2862;
   130    1.151            2000           -2902;
   131    1.160            2000           -2943;
   132    1.169            2000           -2983;
   133    1.178            2000           -3024;
   134    1.186            2000           -3065;
   135    1.195            2000           -3105;
   136    1.204            2000           -3146;
   137    1.213            2000           -3188;
   138    1.222            2000           -3229;
   139    1.231            2000           -3271;
   140    1.240            2000           -3313;
   141    1.248            2000           -3354;
   142    1.257            2000           -3397;
   143    1.266            2000           -3439;
   144    1.275            2000           -3481;
   145    1.284            2000           -3524;
   146    1.293            2000           -3567;
   147    1.302            2000           -3610;
   148    1.310            2000           -3654;
   149    1.319            2000           -3697;
   150    1.328            2000           -3741;
   151    1.337            2000           -3784;
   152    1.346            2000           -3828;
   153    1.355            2000           -3873;
   154    1.364            2000           -3918;
   155    1.372            2000           -3963;
   156    1.381            2000           -4009;
   157    1.390            2000           -4054;
   158    1.399            2000           -4100;
   159    1.408            2000           -4146;
   160    1.417            2000           -4192;
   161    1.426            2000           -4239;
   162    1.434            2000           -4286;
   163    1.443            2000           -4334;
   164    1.452            2000           -4381;
   165    1.461            2000           -4429;
   166    1.470            2000           -4477;
   167    1.479            2000           -4525;
   168    1.488            2000           -4574;
   169    1.496            2000           -4623;
   170    1.505            2000           -4673;
   171    1.514            2000           -4722;
   172    1.523            2000           -4772;
   173    1.532            2000           -4822;
   174    1.541            2000           -4873;
   175    1.549            2000           -4924;
   176    1.558            2000           -4974;
   177    1.567            2000           -5025;
   178    1.576            2000           -5076;
   179    1.585            2000           -5128;
   180    1.594            2000           -5179;
   181    1.603            2000           -5230;
   182    1.611            2000           -5282;
   183    1.620            2000           -5334;
   184    1.629            2000           -5386;
   185    1.638            2000           -5438;
   186    1.647            2000           -5491;
   187    1.656            2000           -5544;
   188    1.665            2000           -5597;
   189    1.673            2000           -5650;
   190    1.682            2000           -5703;
   191    1.691            2000           -5757;
   192    1.700            2000           -5811;
   193    1.709            2000           -5865;
   194    1.718            2000           -5919;
   195    1.727            2000           -5974;
   196    1.735            2000           -6029;
   197    1.744            2000           -6084;
   198    1.753            2000           -6140;
   199    1.762            2000           -6196;
   200    1.771            2000           -6252;
   201    1.780            2000           -6308;
   202    1.789            2000           -6365;
   203    1.797            2000           -6422;
   204    1.806            2000           -6479;
   205    1.815            2000           -6537;
   206    1.824            2000           -6595;
   207    1.833            2000           -6653;
   208    1.842            2000           -6712;
   209    1.851            2000           -6770;
   210    1.859            2000           -6830;
   211    1.868            2000           -6889;
   212    1.877            2000           -6949;
   213    1.886            2000           -7009;
   214    1.895            2000           -7069;
   215    1.904            2000           -7129;
   216    1.913            2000           -7190;
   217    1.921            2000           -7251;
   218    1.930            2000           -7312;
   219    1.939            2000           -7374;
   220    1.948            2000           -7435;
   221    1.957            2000           -7498;
   222    1.966            2000           -7560;
   223    1.974            2000           -7623;
   224    1.983            2000           -7685;
   225    1.992            2000           -7749;
   226    2.001            2000           -7812;
   227    2.010            2000           -7876;
   228    2.019            2000           -7940;
   229    2.028            2000           -8005;
   230    2.036            2000           -8070;
   231    2.045            2000           -8135;
   232    2.054            2000           -8200;
   233    2.063            2000           -8266;
   234    2.072            2000           -8332;
   235    2.081            2000           -8399;
   236    2.090            2000           -8466;
   237    2.098            2000           -8534;
   238    2.107            2000           -8601;
   239    2.116            2000           -8669;
   240    2.125            2000           -8738;
   241    2.134            2000           -8807;
   242    2.143            2000           -8876;
   243    2.152            2000           -8946;
   244    2.160            2000           -9015;
   245    2.169            2000           -9084;
   246    2.178            2000           -9155;
   247    2.187            2000           -9226;
   248    2.196            2000           -9297;
   249    2.205            2000           -9369;
   250    2.214            2000           -9442;
   251    2.222            2000           -9514;
   252    2.231            2000           -9587;
   253    2.240            2000           -9661;
   254    2.249            2000           -9735;
   255    2.258            2000           -9809;
   256    2.267            2000           -9884;
   257    2.276            2000           -9959;
   258    2.284            2000          -10034;
   259    2.293            2000          -10110;
   260    2.302            2000          -10186;
   261    2.311            2000          -10263;
   262    2.320            2000          -10340;
   263    2.329            2000          -10418;
   264    2.338            2000          -10496;
   265    2.346            2000          -10574;
   266    2.355            2000          -10653;
   267    2.364            2000          -10733;
   268    2.373            2000          -10813;
   269    2.382            2000          -10893;
   270    2.391            2000          -10974;
   271    2.399            2000          -11055;
   272    2.408            2000          -11137;
   273    2.417            2000          -11219;
   274    2.426            2000          -11302;
   275    2.435            2000          -11385;
   276    2.444            2000          -11468;
   277    2.453            2000          -11551;
   278    2.461            2000          -11635;
   279    2.470            2000          -11719;
   280    2.479            2000          -11804;
   281    2.488            2000          -11889;
   282    2.497            2000          -11975;
   283    2.506            2000          -12061;
   284    2.515            2000          -12147;
   285    2.523            2000          -12234;
   286    2.532            2000          -12321;
   287    2.541            2000          -12409;
   288    2.550            2000          -12497;
   289    2.559            2000          -12586;
   290    2.568            2000          -12675;
   291    2.577            2000          -12765;
   292    2.585            2000          -12855;
   293    2.594            2000          -12945;
   294    2.603            2000          -13037;
   295    2.612            2000          -13128;
   296    2.621            2000          -13220;
   297    2.630            2000          -13312;
   298    2.639            2000          -13405;
   299    2.647            2000          -13498;
   300    2.656            2000          -13592;
   301    2.665            2000          -13686;
   302    2.674            2000          -13781;
   303    2.683            2000          -13875;
   304    2.692            2000          -13970;
   305    2.701            2000          -14066;
   306    2.709            2000          -14162;
   307    2.718            2000          -14258;
   308    2.727            2000          -14355;
   309    2.736            2000          -14452;
   310    2.745            2000          -14550;
   311    2.754            2000          -14648;
   312    2.763            2000          -14746;
   313    2.771            2000          -14845;
   314    2.780            2000          -14944;
   315    2.789            2000          -15043;
   316    2.798            2000          -15143;
   317    2.807            2000          -15244;
   318    2.816            2000          -15345;
   319    2.824            2000          -15446;
   320    2.833            2000          -15547;
   321    2.842            2000          -15649;
   322    2.851            2000          -15751;
   323    2.860            2000          -15853;
   324    2.869            2000          -15956;
   325    2.878            2000          -16059;
   326    2.886            2000          -16162;
   327    2.895            2000          -16266;
   328    2.904            2000          -16370;
   329    2.913            2000          -16474;
   330    2.922            2000          -16579;
   331    2.931            2000          -16683;
   332    2.940            2000          -16789;
   333    2.948            2000          -16894;
   334    2.957            2000          -16999;
   335    2.966            2000          -17105;
   336    2.975            2000          -17212;
   337    2.984            2000          -17318;
   338    2.993            2000          -17425;
   339    3.002            2000          -17533;
   340    3.010               0          -17641;
   341    3.019               0          -17748;
   342    3.028               0          -17855;
   343    3.037               0          -17961;
   344    3.046               0          -18067;
   345    3.055               0          -18173;
   346    3.064               0          -18277;
   347    3.072               0          -18382;
   348    3.081               0          -18485;
   349    3.090               0          -18589;
   350    3.099               0          -18691;
   351    3.108               0          -18794;
   352    3.117               0          -18896;
   353    3.126               0          -18997;
   354    3.134               0          -19098;
   355    3.143               0          -19198;
   356    3.152               0          -19298;
   357    3.161               0          -19398;
   358    3.170               0          -19497;
   359    3.179               0          -19596;
   360    3.188               0          -19694;
   361    3.196               0          -19792;
   362    3.205               0          -19889;
   363    3.214               0          -19985;
   364    3.223               0          -20081;
   365    3.232               0          -20177;
   366    3.241               0          -20273;
   367    3.249               0          -20369;
   368    3.258               0          -20463;
   369    3.267               0          -20557;
   370    3.276               0          -20650;
   371    3.285               0          -20744;
   372    3.294               0          -20837;
   373    3.303               0          -20930;
   374    3.311               0          -21022;
   375    3.320               0          -21113;
   376    3.329               0          -21204;
   377    3.338               0          -21295;
   378    3.347               0          -21386;
   379    3.356               0          -21476;
   380    3.365               0          -21566;
   381    3.373               0          -21655;
   382    3.382               0          -21743;
   383    3.391               0          -21832;
   384    3.400               0          -21920;
   385    3.409               0          -22008;
   386    3.418               0          -22096;
   387    3.427               0          -22182;
   388    3.435               0          -22269;
   389    3.444               0          -22355;
   390    3.453               0          -22441;
   391    3.462               0          -22526;
   392    3.471               0          -22611;
   393    3.480               0          -22695;
   394    3.489               0          -22779;
   395    3.497               0          -22863;
   396    3.506               0          -22946;
   397    3.515               0          -23029;
   398    3.524               0          -23112;
   399    3.533               0          -23193;
   400    3.542               0          -23275;
   401    3.551               0          -23356;
   402    3.559               0          -23437;
   403    3.568               0          -23518;
   404    3.577               0          -23598;
   405    3.586               0          -23678;
   406    3.595               0          -23758;
   407    3.604               0          -23837;
   408    3.613               0          -23917;
   409    3.621               0          -23995;
   410    3.630               0          -24074;
   411    3.639               0          -24152;
   412    3.648               0          -24230;
   413    3.657               0          -24307;
   414    3.666               0          -24384;
   415    3.674               0          -24460;
   416    3.683               0          -24536;
   417    3.692               0          -24612;
   418    3.701               0          -24687;
   419    3.710               0          -24762;
   420    3.719               0          -24837;
   421    3.728               0          -24911;
   422    3.736               0          -24985;
   423    3.745               0          -25058;
   424    3.754               0          -25131;
   425    3.763               0          -25203;
   426    3.772               0          -25276;
   427    3.781               0          -25349;
   428    3.790               0          -25421;
   429    3.798               0          -25494;
   430    3.807               0          -25566;
   431    3.816               0          -25638;
   432    3.825               0          -25709;
   433    3.834               0          -25781;
   434    3.843               0          -25852;
   435    3.852               0          -25923;
   436    3.860               0          -25993;
   437    3.869               0          -26064;
   438    3.878               0          -26134;
   439    3.887               0          -26203;
   440    3.896               0          -26273;
   441    3.905               0          -26342;
   442    3.914               0          -26411;
   443    3.922               0          -26480;
   444    3.931               0          -26549;
   445    3.940               0          -26617;
   446    3.949               0          -26685;
   447    3.958               0          -26753;
   448    3.967               0          -26820;
   449    3.976               0          -26887;
   450    3.984               0          -26954;
   451    3.993               0          -27021;
   452    4.002               0          -27088;
   453    4.011               0          -27154;
   454    4.020               0          -27220;
   455    4.029               0          -27286;
   456    4.038               0          -27352;
   457    4.046               0          -27417;
   458    4.055               0          -27482;
   459    4.064               0          -27547;
   460    4.073               0          -27612;
   461    4.082               0          -27677;
   462    4.091               0          -27741;
   463    4.099               0          -27806;
   464    4.108               0          -27870;
   465    4.117               0          -27934;
   466    4.126               0          -27997;
   467    4.135               0          -28061;
   468    4.144               0          -28124;
   469    4.153               0          -28187;
   470    4.161               0          -28250;
   471    4.170               0          -28313;
   472    4.179               0          -28375;
   473    4.188               0          -28437;
   474    4.197               0          -28499;
   475    4.206               0          -28561;
   476    4.215               0          -28622;
   477    4.223               0          -28683;
   478    4.232               0          -28744;
   479    4.241               0          -28805;
   480    4.250               0          -28865;
   481    4.259               0          -28925;
   482    4.268               0          -28985;
   483    4.277               0          -29045;
   484    4.285               0          -29104;
   485    4.294               0          -29163;
   486    4.303               0          -29223;
   487    4.312               0          -29282;
   488    4.321               0          -29340;
   489    4.330               0          -29399;
   490    4.339               0          -29457;
   491    4.347               0          -29515;
   492    4.356               0          -29573;
   493    4.365               0          -29631;
   494    4.374               0          -29689;
   495    4.383               0          -29746;
   496    4.392               0          -29804;
   497    4.401               0          -29861;
   498    4.409               0          -29917;
   499    4.418               0          -29974;
   500    4.427               0          -30030;
   501    4.436               0          -30085;
   502    4.445               0          -30141;
   503    4.454               0          -30195;
   504    4.463               0          -30250;
   505    4.471               0          -30304;
   506    4.480               0          -30358;
   507    4.489               0          -30412;
   508    4.498               0          -30466;
   509    4.507               0          -30519;
   510    4.516               0          -30572;
   511    4.524               0          -30625;
   512    4.533               0          -30677;
   513    4.542               0          -30729;
   514    4.551               0          -30781;
   515    4.560               0          -30833;
   516    4.569               0          -30885;
   517    4.578               0          -30936;
   518    4.586               0          -30987;
   519    4.595               0          -31037;
   520    4.604               0          -31088;
   521    4.613               0          -31138;
   522    4.622               0          -31188;
   523    4.631               0          -31238;
   524    4.640               0          -31287;
   525    4.648               0          -31337;
   526    4.657               0          -31386;
   527    4.666               0          -31434;
   528    4.675               0          -31483;
   529    4.684               0          -31531;
   530    4.693               0          -31579;
   531    4.702               0          -31626;
   532    4.710               0          -31674;
   533    4.719               0          -31721;
   534    4.728               0          -31767;
   535    4.737               0          -31813;
   536    4.746               0          -31859;
   537    4.755               0          -31905;
   538    4.764               0          -31950;
   539    4.772               0          -31994;
   540    4.781               0          -32039;
   541    4.790               0          -32083;
   542    4.799               0          -32126;
   543    4.808               0          -32170;
   544    4.817               0          -32213;
   545    4.826               0          -32255;
   546    4.834               0          -32298;
   547    4.843               0          -32340;
   548    4.852               0          -32381;
   549    4.861               0          -32422;
   550    4.870               0          -32463;
   551    4.879               0          -32504;
   552    4.888               0          -32544;
   553    4.896               0          -32583;
   554    4.905               0          -32623;
   555    4.914               0          -32662;
   556    4.923               0          -32700;
   557    4.932               0          -32738;
   558    4.941               0          -32776;
   559    4.949               0          -32814;
   560    4.958               0          -32851;
   561    4.967               0          -32888;
   562    4.976               0          -32924;
   563    4.985               0          -32960;
   564    4.994               0          -32996;
   565    5.003               0          -33031;
   566    5.011               0          -33066;
   567    5.020               0          -33101;
   568    5.029               0          -33136;
   569    5.038               0          -33170;
   570    5.047               0          -33203;
   571    5.056               0          -33237;
   572    5.065               0          -33270;
   573    5.073               0          -33302;
   574    5.082               0          -33335;
   575    5.091               0          -33367;
   576    5.100               0          -33398;
   577    5.109               0          -33429;
   578    5.118               0          -33460;
   579    5.127               0          -33490;
   580    5.135               0          -33521;
   581    5.144               0          -33550;
   582    5.153               0          -33579;
   583    5.162               0          -33608;
   584    5.171               0          -33636;
   585    5.180               0          -33663;
   586    5.189               0          -33690;
   587    5.197               0          -33717;
   588    5.206               0          -33743;
   589    5.215               0          -33769;
   590    5.224               0          -33795;
   591    5.233               0          -33820;
   592    5.242               0          -33844;
   593    5.251               0          -33868;
   594    5.259               0          -33892;
   595    5.268               0          -33915;
   596    5.277               0          -33938;
   597    5.286               0          -33960;
   598    5.295               0          -33982;
   599    5.304               0          -34004;
   600    5.313               0          -34025;
   601    5.321               0          -34046;
   602    5.330               0          -34066;
   603    5.339               0          -34086;
   604    5.348               0          -34105;
   605    5.357               0          -34124;
   606    5.366               0          -34143;
   607    5.374               0          -34161;
   608    5.383               0          -34178;
   609    5.392               0          -34196;
   610    5.401               0          -34213;
   611    5.410               0          -34229;
   612    5.419               0          -34245;
   613    5.428               0          -34261;
   614    5.436               0          -34276;
   615    5.445               0          -34290;
   616    5.454               0          -34305;
   617    5.463               0          -34318;
   618    5.472               0          -34332;
   619    5.481               0          -34345;
   620    5.490               0          -34358;
   621    5.498               0          -34370;
   622    5.507               0          -34382;
   623    5.516               0          -34394;
   624    5.525               0          -34405;
   625    5.534               0          -34416;
   626    5.543               0          -34427;
   627    5.552               0          -34437;
   628    5.560               0          -34447;
   629    5.569               0          -34456;
   630    5.578               0          -34465;
   631    5.587               0          -34474;
   632    5.596               0          -34482;
   633    5.605               0          -34489;
   634    5.614               0          -34496;
   635    5.622               0          -34502;
   636    5.631               0          -34509;
   637    5.640               0          -34514;
   638    5.649               0          -34519;
   639    5.658               0          -34523;
   640    5.667               0          -34527;
   641    5.676               0          -34530;
   642    5.684               0          -34533;
   643    5.693               0          -34534;
   644    5.702               0          -34536;
   645    5.711               0          -34537;
   646    5.720               0          -34538;
   647    5.729               0          -34538;
   648    5.738               0          -34538;
   649    5.746               0          -34538;
   650    5.755               0          -34537;
   651    5.764               0          -34535;
   652    5.773               0          -34532;
   653    5.782               0          -34530;
   654    5.791               0          -34526;
   655    5.799               0          -34523;
   656    5.808               0          -34519;
   657    5.817               0          -34514;
   658    5.826               0          -34509;
   659    5.835               0          -34504;
   660    5.844               0          -34498;
   661    5.853               0          -34492;
   662    5.861               0          -34486;
   663    5.870               0          -34479;
   664    5.879               0          -34472;
   665    5.888               0          -34464;
   666    5.897               0          -34456;
   667    5.906               0          -34447;
   668    5.915               0          -34439;
   669    5.923               0          -34430;
   670    5.932               0          -34420;
   671    5.941               0          -34410;
   672    5.950               0          -34399;
   673    5.959               0          -34389;
   674    5.968               0          -34378;
   675    5.977               0          -34366;
   676    5.985               0          -34355;
   677    5.994               0          -34342]
