 Sample   Time     Commanded 2 Pos  Encoder 2 Pos   Control Effort 2

[    0    0.000               0               0          0.1346;
     1    0.044            1000             174         10.0021;
     2    0.089            1000             620          0.4896;
     3    0.133            1000             876          1.6346;
     4    0.177            1000             837          5.2882;
     5    0.221            1000             791          5.2900;
     6    0.266            1000             805          4.5711;
     7    0.310            1000             821          4.5165;
     8    0.354            1000             825          4.5861;
     9    0.398            1000             827          4.7222;
    10    0.443            1000             828          4.7692;
    11    0.487            1000             831          4.7231;
    12    0.531            1000             836          4.6358;
    13    0.576            1000             840          4.7042;
    14    0.620            1000             841          4.7998;
    15    0.664            1000             844          4.7454;
    16    0.708            1000             850          4.6755;
    17    0.753            1000             853          4.7549;
    18    0.797            1000             854          4.6310;
    19    0.841            1000             856          4.6853;
    20    0.885            1000             861          4.8144;
    21    0.930            1000             864          4.7607;
    22    0.974            1000             864          4.6777;
    23    1.018            1000             868          4.6774;
    24    1.063            1000             872          4.7567;
    25    1.107            1000             875          4.8281;
    26    1.151            1000             875          4.8626;
    27    1.195            1000             880          4.6777;
    28    1.240            1000             885          4.7512;
    29    1.284            1000             887          4.7814;
    30    1.328            1000             885          4.8501;
    31    1.372            1000             888          4.3950;
    32    1.417            1000             895          4.6074;
    33    1.461            1000             898          4.9524;
    34    1.505            1000             897          4.6233;
    35    1.549            1000             902          4.6929;
    36    1.594            1000             906          4.6841;
    37    1.638            1000             906          4.8324;
    38    1.682            1000             907          4.7900;
    39    1.727            1000             911          4.6236;
    40    1.771            1000             914          4.6477;
    41    1.815            1000             915          4.8306;
    42    1.859            1000             916          4.7647;
    43    1.904            1000             921          4.6352;
    44    1.948            1000             924          4.6151;
    45    1.992            1000             925          4.8864;
    46    2.036            1000             926          4.7225;
    47    2.081            1000             930          4.5904;
    48    2.125            1000             933          4.6132;
    49    2.169            1000             932          4.6758;
    50    2.214            1000             934          4.5748;
    51    2.258            1000             938          4.5888;
    52    2.302            1000             941          4.5873;
    53    2.346            1000             940          4.6282;
    54    2.391            1000             942          4.5681;
    55    2.435            1000             946          4.5269;
    56    2.479            1000             948          4.5156;
    57    2.523            1000             947          4.5867;
    58    2.568            1000             950          4.5241;
    59    2.612            1000             953          4.4683;
    60    2.656            1000             954          4.5043;
    61    2.701            1000             954          4.7295;
    62    2.745            1000             957          4.4481;
    63    2.789            1000             959          4.4161;
    64    2.833            1000             960          4.4615;
    65    2.878            1000             960          4.4881;
    66    2.922            1000             963          4.3492;
    67    2.966            1000             965          4.3675;
    68    3.010            1000             966          4.6862;
    69    3.055            1000             966          4.4527;
    70    3.099            1000             968          4.3367;
    71    3.143            1000             970          4.3520;
    72    3.188            1000             970          4.3864;
    73    3.232            1000             970          4.4084;
    74    3.276            1000             973          4.1853;
    75    3.320            1000             974          4.5308;
    76    3.365            1000             975          4.3452;
    77    3.409            1000             975          4.1795;
    78    3.453            1000             977          4.3275;
    79    3.497            1000             976          4.5339;
    80    3.542            1000             977          4.3477;
    81    3.586            1000             979          4.1722;
    82    3.630            1000             980          4.3074;
    83    3.674            1000             983          3.9918;
    84    3.719            1000             982          4.2643;
    85    3.763            1000             983          4.2720;
    86    3.807            1000             985          4.4362;
    87    3.852            1000             986          4.2265;
    88    3.896            1000             986          4.2326;
    89    3.940            1000             987          4.2384;
    90    3.984            1000             988          4.2933;
    91    4.029            1000             989          4.0134;
    92    4.073            1000             988          4.1951;
    93    4.117            1000             990          4.3324;
    94    4.161            1000             992          3.9686;
    95    4.206            1000             992          4.3022;
    96    4.250            1000             992          3.9756;
    97    4.294            1000             992          4.3327;
    98    4.339            1000             996          3.9231;
    99    4.383            1000             995          4.2787;
   100    4.427            1000             994          3.9274;
   101    4.471            1000             996          4.1065;
   102    4.516            1000             996          4.0888;
   103    4.560            1000             996          4.0904;
   104    4.604            1000             996          4.0922;
   105    4.648            1000             998          4.0742;
   106    4.693            1000             999          3.7473;
   107    4.737            1000            1000          4.0360;
   108    4.781            1000             997          4.2524;
   109    4.826            1000            1000          3.8288;
   110    4.870            1000            1001          4.1883;
   111    4.914            1000            1001          3.9976;
   112    4.958            1000             999          4.0171;
   113    5.003            1000            1002          3.7323;
   114    5.047               0             704         -1.4832;
   115    5.091               0             175          7.0772;
   116    5.135               0              85          0.6871;
   117    5.180               0             203         -2.0018;
   118    5.224               0             211         -0.6377;
   119    5.268               0             189         -0.4353;
   120    5.313               0             184         -0.4722;
   121    5.357               0             185         -0.5812;
   122    5.401               0             183         -0.6416;
   123    5.445               0             178         -0.5385;
   124    5.490               0             176         -0.5827;
   125    5.534               0             175         -0.6859;
   126    5.578               0             172         -0.6618;
   127    5.622               0             167         -0.5736;
   128    5.667               0             163         -0.6630;
   129    5.711               0             162         -0.7415;
   130    5.755               0             159         -0.7063;
   131    5.799               0             155         -0.6514;
   132    5.844               0             152         -0.6755;
   133    5.888               0             151         -0.7756;
   134    5.932               0             147         -0.7244;
   135    5.977               0             143         -0.6874;
   136    6.021               0             140         -0.7161;
   137    6.065               0             139         -0.7631;
   138    6.109               0             136         -0.7286;
   139    6.154               0             131         -0.6838;
   140    6.198               0             128         -0.7366;
   141    6.242               0             128         -0.8028;
   142    6.286               0             124         -0.7341;
   143    6.331               0             120         -0.6893;
   144    6.375               0             118         -0.7656;
   145    6.419               0             117         -0.8040;
   146    6.464               0             113         -0.7024;
   147    6.508               0             109         -0.7091;
   148    6.552               0             108         -0.7656;
   149    6.596               0             107         -0.7906;
   150    6.641               0             103         -0.6774;
   151    6.685               0              99         -0.6563;
   152    6.729               0              98         -0.7479;
   153    6.773               0              97         -0.7766;
   154    6.818               0              93         -0.6664;
   155    6.862               0              89         -0.6520;
   156    6.906               0              89         -0.7326;
   157    6.951               0              87         -0.6224;
   158    6.995               0              83         -0.6422;
   159    7.039               0              80         -0.6313;
   160    7.083               0              80         -0.7015;
   161    7.128               0              78         -0.5528;
   162    7.172               0              74         -0.6001;
   163    7.216               0              71         -0.6270;
   164    7.260               0              71         -0.6548;
   165    7.305               0              69         -0.4985;
   166    7.349               0              65         -0.5668;
   167    7.393               0              63         -0.5745;
   168    7.438               0              63         -0.4457;
   169    7.482               0              61         -0.5635;
   170    7.526               0              57         -0.5021;
   171    7.570               0              56         -0.5360;
   172    7.615               0              56         -0.5766;
   173    7.659               0              53         -0.5299;
   174    7.703               0              50         -0.4426;
   175    7.747               0              48         -0.4634;
   176    7.792               0              48         -0.5177;
   177    7.836               0              46         -0.4567;
   178    7.880               0              43         -0.3962;
   179    7.924               0              42         -0.4481;
   180    7.969               0              41         -0.4661;
   181    8.013               0              39         -0.3129;
   182    8.057               0              36         -0.3361;
   183    8.102               0              35         -0.3782;
   184    8.146               0              35         -0.3932;
   185    8.190               0              32         -0.3089;
   186    8.234               0              29         -0.3233;
   187    8.279               0              29         -0.3159;
   188    8.323               0              29         -0.3284;
   189    8.367               0              26         -0.2286;
   190    8.411               0              24         -0.2201;
   191    8.456               0              24         -0.2436;
   192    8.500               0              22         -0.2048;
   193    8.544               0              20         -0.2088;
   194    8.589               0              18         -0.1288;
   195    8.633               0              18         -0.1807;
   196    8.677               0              17         -0.1752;
   197    8.721               0              15         -0.0812;
   198    8.766               0              13         -0.1032;
   199    8.810               0              13         -0.1087;
   200    8.854               0              12         -0.1050;
   201    8.898               0               9         -0.0092;
   202    8.943               0               8         -0.0037;
   203    8.987               0               8         -0.0281;
   204    9.031               0               7         -0.0183;
   205    9.076               0               4          0.0684;
   206    9.120               0               3          0.0821;
   207    9.164               0               3          0.2280;
   208    9.208               0               2          0.0885;
   209    9.253               0               2          0.0788;
   210    9.297               0               1          0.0952;
   211    9.341               0               2          0.2640;
   212    9.385               0               1          0.0867;
   213    9.430               0               0          0.1096;
   214    9.474               0               0         -0.0907;
   215    9.518               0               1          0.0858;
   216    9.563               0               0          0.1053;
   217    9.607               0               0          0.1053;
   218    9.651               0               1          0.1053;
   219    9.695               0               1          0.0855;
   220    9.740               0               0          0.1212;
   221    9.784               0              -1          0.1145;
   222    9.828               0               1          0.2814;
   223    9.872               0               1          0.0849;
   224    9.917               0              -0          0.1325;
   225    9.961               0              -1          0.1142;
   226   10.005           -1000               1          0.2811;
   227   10.049           -1000            -198        -10.0021;
   228   10.094           -1000            -645         -0.2128;
   229   10.138           -1000            -881         -1.6612;
   230   10.182           -1000            -836         -5.1856;
   231   10.227           -1000            -771         -6.0571;
   232   10.271           -1000            -765         -5.0577;
   233   10.315           -1000            -804         -4.1618;
   234   10.359           -1000            -831         -4.0900;
   235   10.404           -1000            -831         -4.4466;
   236   10.448           -1000            -835         -4.3657;
   237   10.492           -1000            -839         -4.3559;
   238   10.536           -1000            -841         -4.4731;
   239   10.581           -1000            -845         -4.3404;
   240   10.625           -1000            -850         -4.2995;
   241   10.669           -1000            -855         -4.3202;
   242   10.714           -1000            -856         -4.4405;
   243   10.758           -1000            -859         -4.4536;
   244   10.802           -1000            -864         -4.3813;
   245   10.846           -1000            -868         -4.3327;
   246   10.891           -1000            -869         -4.3040;
   247   10.935           -1000            -872         -4.4109;
   248   10.979           -1000            -876         -4.3092;
   249   11.023           -1000            -879         -4.3404;
   250   11.068           -1000            -879         -4.5217;
   251   11.112           -1000            -881         -4.3065;
   252   11.156           -1000            -887         -4.3019;
   253   11.201           -1000            -891         -4.4573;
   254   11.245           -1000            -890         -4.3962;
   255   11.289           -1000            -893         -4.2888;
   256   11.333           -1000            -898         -4.1639;
   257   11.378           -1000            -901         -4.2198;
   258   11.422           -1000            -902         -4.3590;
   259   11.466           -1000            -904         -4.4038;
   260   11.510           -1000            -908         -4.2576;
   261   11.555           -1000            -910         -4.1282;
   262   11.599           -1000            -910         -4.3632;
   263   11.643           -1000            -914         -4.2753;
   264   11.688           -1000            -917         -4.2558;
   265   11.732           -1000            -920         -4.2875;
   266   11.776           -1000            -919         -4.3324;
   267   11.820           -1000            -922         -4.1865;
   268   11.865           -1000            -926         -4.2824;
   269   11.909           -1000            -926         -4.2949;
   270   11.953           -1000            -926         -4.3269;
   271   11.997           -1000            -929         -4.2592;
   272   12.042           -1000            -932         -4.2585;
   273   12.086           -1000            -931         -4.5168;
   274   12.130           -1000            -932         -4.1538;
   275   12.174           -1000            -935         -4.2494;
   276   12.219           -1000            -936         -4.2970;
   277   12.263           -1000            -935         -4.3269;
   278   12.307           -1000            -938         -4.5412;
   279   12.352           -1000            -940         -4.2689;
   280   12.396           -1000            -942         -4.3086;
   281   12.440           -1000            -942         -4.3339;
   282   12.484           -1000            -942         -4.3507;
   283   12.529           -1000            -945         -4.2814;
   284   12.573           -1000            -947         -4.2875;
   285   12.617           -1000            -947         -4.3327;
   286   12.661           -1000            -947         -4.3471;
   287   12.706           -1000            -950         -4.3010;
   288   12.750           -1000            -951         -4.2781;
   289   12.794           -1000            -951         -4.1557;
   290   12.839           -1000            -953         -4.3242;
   291   12.883           -1000            -954         -4.2900;
   292   12.927           -1000            -956         -4.2943;
   293   12.971           -1000            -956         -4.3245;
   294   13.016           -1000            -957         -4.3291;
   295   13.060           -1000            -959         -4.3031;
   296   13.104           -1000            -960         -4.2848;
   297   13.148           -1000            -960         -4.3190;
   298   13.193           -1000            -961         -4.1554;
   299   13.237           -1000            -963         -4.2943;
   300   13.281           -1000            -963         -4.3104;
   301   13.326           -1000            -963         -4.3205;
   302   13.370           -1000            -964         -4.2930;
   303   13.414           -1000            -966         -4.2573;
   304   13.458           -1000            -967         -4.2940;
   305   13.503           -1000            -967         -4.3083;
   306   13.547           -1000            -968         -4.2619;
   307   13.591           -1000            -970         -4.2527;
   308   13.635           -1000            -969         -4.2708;
   309   13.680           -1000            -971         -4.1832;
   310   13.724           -1000            -972         -4.2570;
   311   13.768           -1000            -974         -4.2228;
   312   13.813           -1000            -973         -4.2705;
   313   13.857           -1000            -974         -4.2622;
   314   13.901           -1000            -976         -4.2118;
   315   13.945           -1000            -977         -4.1990;
   316   13.990           -1000            -978         -4.2247;
   317   14.034           -1000            -978         -4.2192;
   318   14.078           -1000            -980         -4.1798;
   319   14.122           -1000            -981         -4.1535;
   320   14.167           -1000            -982         -4.1816;
   321   14.211           -1000            -982         -4.1816;
   322   14.255           -1000            -984         -4.1200;
   323   14.299           -1000            -985         -4.1047;
   324   14.344           -1000            -986         -4.1319;
   325   14.388           -1000            -986         -4.1303;
   326   14.432           -1000            -988         -4.0604;
   327   14.477           -1000            -989         -4.0638;
   328   14.521           -1000            -989         -3.9081;
   329   14.565           -1000            -990         -4.0473;
   330   14.609           -1000            -992         -4.0446;
   331   14.654           -1000            -993         -3.9911;
   332   14.698           -1000            -993         -3.8452;
   333   14.742           -1000            -994         -3.9789;
   334   14.786           -1000            -996         -3.9505;
   335   14.831           -1000            -997         -3.9606;
   336   14.875           -1000            -997         -3.9618;
   337   14.919           -1000            -998         -3.8910;
   338   14.964           -1000           -1000         -3.9054;
   339   15.008               0           -1000         -3.8810;
   340   15.052               0            -641          0.3840;
   341   15.096               0            -136         -6.7668;
   342   15.141               0             -92          0.1288;
   343   15.185               0            -215          2.3162;
   344   15.229               0            -214          0.6523;
   345   15.273               0            -193          0.5934;
   346   15.318               0            -193          0.7903;
   347   15.362               0            -191          0.8538;
   348   15.406               0            -186          0.7286;
   349   15.451               0            -184          0.8498;
   350   15.495               0            -183          0.8458;
   351   15.539               0            -177          0.7988;
   352   15.583               0            -174          0.8230;
   353   15.628               0            -172          0.9228;
   354   15.672               0            -170          0.9820;
   355   15.716               0            -165          0.8593;
   356   15.760               0            -161          0.9011;
   357   15.805               0            -160          0.9835;
   358   15.849               0            -158          1.0153;
   359   15.893               0            -153          0.9203;
   360   15.938               0            -150          0.9209;
   361   15.982               0            -149          1.0211;
   362   16.026               0            -147          1.0018;
   363   16.070               0            -142          0.9560;
   364   16.115               0            -139          0.9728;
   365   16.159               0            -139          1.0769;
   366   16.203               0            -136          0.9869;
   367   16.247               0            -131          1.0021;
   368   16.292               0            -129          1.0290;
   369   16.336               0            -129          1.1105;
   370   16.380               0            -126          1.0192;
   371   16.424               0            -121          1.0049;
   372   16.469               0            -120          1.0949;
   373   16.513               0            -120          1.1465;
   374   16.557               0            -116          0.9997;
   375   16.602               0            -112          1.0464;
   376   16.646               0            -111          1.1126;
   377   16.690               0            -111          1.1767;
   378   16.734               0            -107          1.0897;
   379   16.779               0            -104          1.0641;
   380   16.823               0            -104          1.1267;
   381   16.867               0            -103          1.2024;
   382   16.911               0            -100          1.1166;
   383   16.956               0             -96          1.0873;
   384   17.000               0             -96          1.3919;
   385   17.044               0             -95          1.2149;
   386   17.089               0             -92          1.1194;
   387   17.133               0             -89          1.1132;
   388   17.177               0             -89          1.2060;
   389   17.221               0             -88          1.2381;
   390   17.266               0             -84          1.1139;
   391   17.310               0             -82          1.1612;
   392   17.354               0             -82          1.5043;
   393   17.398               0             -81          1.2115;
   394   17.443               0             -78          1.1700;
   395   17.487               0             -76          1.1905;
   396   17.531               0             -76          1.4203;
   397   17.576               0             -75          1.2564;
   398   17.620               0             -71          1.1926;
   399   17.664               0             -70          1.2115;
   400   17.708               0             -70          1.2415;
   401   17.753               0             -69          1.2656;
   402   17.797               0             -65          1.1480;
   403   17.841               0             -64          1.2109;
   404   17.885               0             -64          1.4444;
   405   17.930               0             -63          1.2204;
   406   17.974               0             -60          1.0473;
   407   18.018               0             -58          1.2302;
   408   18.063               0             -59          1.4521;
   409   18.107               0             -58          1.2378;
   410   18.151               0             -56          1.2323;
   411   18.195               0             -56          1.5305;
   412   18.240               0             -56          1.2753;
   413   18.284               0             -53          1.2598;
   414   18.328               0             -50          1.2234;
   415   18.372               0             -50          1.2448;
   416   18.417               0             -50          1.0897;
   417   18.461               0             -48          1.1319;
   418   18.505               0             -47          1.2045;
   419   18.549               0             -47          1.2610;
   420   18.594               0             -47          1.2906;
   421   18.638               0             -45          1.1487;
   422   18.682               0             -43          1.1343;
   423   18.727               0             -42          1.2497;
   424   18.771               0             -42          1.2879;
   425   18.815               0             -40          1.0705;
   426   18.859               0             -39          1.2448;
   427   18.904               0             -39          1.2616;
   428   18.948               0             -39          1.2784;
   429   18.992               0             -37          1.2005;
   430   19.036               0             -36          1.2427;
   431   19.081               0             -37          1.0907;
   432   19.125               0             -36          1.1065;
   433   19.169               0             -34          1.2170;
   434   19.214               0             -32          1.4310;
   435   19.258               0             -33          1.2683;
   436   19.302               0             -32          1.2824;
   437   19.346               0             -30          1.2415;
   438   19.391               0             -30          1.2408;
   439   19.435               0             -31          1.0864;
   440   19.479               0             -30          1.2763;
   441   19.523               0             -27          1.2497;
   442   19.568               0             -27          1.2418;
   443   19.612               0             -27          1.3578;
   444   19.656               0             -26          1.1609;
   445   19.701               0             -25          1.2277;
   446   19.745               0             -25          1.2384;
   447   19.789               0             -25          1.4548;
   448   19.833               0             -24          1.2189;
   449   19.878               0             -22          1.2308;
   450   19.922               0             -23          1.4264;
   451   19.966               0             -23          1.2595;
   452   20.010            1000             -22          1.2497;
   453   20.055            1000             137         10.0021;
   454   20.099            1000             503          4.9408;
   455   20.143            1000             815          1.9414;
   456   20.188            1000             838          5.5824;
   457   20.232            1000             748          8.5534;
   458   20.276            1000             629         10.0021;
   459   20.320            1000             521         10.0021;
   460   20.365            1000             494         10.0021;
   461   20.409            1000             552          9.9258;
   462   20.453            1000             644          8.1450;
   463   20.497            1000             722          7.5369;
   464   20.542            1000             752          7.6129;
   465   20.586            1000             733          8.5867;
   466   20.630            1000             692         10.0021;
   467   20.674            1000             633         10.0021;
   468   20.719            1000             585         10.0021;
   469   20.763            1000             585         10.0021;
   470   20.807            1000             615         10.0021;
   471   20.852            1000             661          9.7146;
   472   20.896            1000             704          9.4447;
   473   20.940            1000             720          9.6197;
   474   20.984            1000             704         10.0021;
   475   21.029            1000             673         10.0021;
   476   21.073            1000             639         10.0021;
   477   21.117            1000             621         10.0021;
   478   21.161            1000             623         10.0021;
   479   21.206            1000             641         10.0021;
   480   21.250            1000             679         10.0021]
