 Sample   Time     Commanded 1 Pos   Encoder 3 Pos 

[    0    0.000               0              14;
     1    0.009            2000              14;
     2    0.018            2000              16;
     3    0.027            2000              20;
     4    0.035            2000              25;
     5    0.044            2000              31;
     6    0.053            2000              39;
     7    0.062            2000              49;
     8    0.071            2000              59;
     9    0.080            2000              71;
    10    0.089            2000              85;
    11    0.097            2000             100;
    12    0.106            2000             116;
    13    0.115            2000             134;
    14    0.124            2000             153;
    15    0.133            2000             173;
    16    0.142            2000             195;
    17    0.151            2000             218;
    18    0.159            2000             242;
    19    0.168            2000             268;
    20    0.177            2000             295;
    21    0.186            2000             323;
    22    0.195            2000             353;
    23    0.204            2000             384;
    24    0.213            2000             417;
    25    0.221            2000             451;
    26    0.230            2000             486;
    27    0.239            2000             523;
    28    0.248            2000             561;
    29    0.257            2000             600;
    30    0.266            2000             641;
    31    0.274            2000             683;
    32    0.283            2000             727;
    33    0.292            2000             772;
    34    0.301            2000             818;
    35    0.310            2000             866;
    36    0.319            2000             915;
    37    0.328            2000             965;
    38    0.336            2000            1016;
    39    0.345            2000            1069;
    40    0.354            2000            1122;
    41    0.363            2000            1176;
    42    0.372            2000            1232;
    43    0.381            2000            1287;
    44    0.390            2000            1344;
    45    0.398            2000            1400;
    46    0.407            2000            1458;
    47    0.416            2000            1515;
    48    0.425            2000            1573;
    49    0.434            2000            1630;
    50    0.443            2000            1688;
    51    0.452            2000            1745;
    52    0.460            2000            1803;
    53    0.469            2000            1860;
    54    0.478            2000            1916;
    55    0.487            2000            1972;
    56    0.496            2000            2028;
    57    0.505            2000            2082;
    58    0.514            2000            2136;
    59    0.522            2000            2189;
    60    0.531            2000            2242;
    61    0.540            2000            2293;
    62    0.549            2000            2343;
    63    0.558            2000            2391;
    64    0.567            2000            2439;
    65    0.576            2000            2486;
    66    0.584            2000            2531;
    67    0.593            2000            2574;
    68    0.602            2000            2616;
    69    0.611            2000            2657;
    70    0.620            2000            2696;
    71    0.629            2000            2733;
    72    0.638            2000            2768;
    73    0.646            2000            2802;
    74    0.655            2000            2834;
    75    0.664            2000            2864;
    76    0.673            2000            2892;
    77    0.682            2000            2918;
    78    0.691            2000            2942;
    79    0.699            2000            2964;
    80    0.708            2000            2985;
    81    0.717            2000            3003;
    82    0.726            2000            3018;
    83    0.735            2000            3032;
    84    0.744            2000            3043;
    85    0.753            2000            3053;
    86    0.761            2000            3060;
    87    0.770            2000            3065;
    88    0.779            2000            3068;
    89    0.788            2000            3069;
    90    0.797            2000            3069;
    91    0.806            2000            3065;
    92    0.815            2000            3059;
    93    0.823            2000            3052;
    94    0.832            2000            3042;
    95    0.841            2000            3031;
    96    0.850            2000            3018;
    97    0.859            2000            3003;
    98    0.868            2000            2988;
    99    0.877            2000            2970;
   100    0.885            2000            2951;
   101    0.894            2000            2931;
   102    0.903            2000            2910;
   103    0.912            2000            2887;
   104    0.921            2000            2863;
   105    0.930            2000            2838;
   106    0.939            2000            2812;
   107    0.947            2000            2784;
   108    0.956            2000            2756;
   109    0.965            2000            2727;
   110    0.974            2000            2697;
   111    0.983            2000            2666;
   112    0.992            2000            2634;
   113    1.001            2000            2602;
   114    1.009            2000            2569;
   115    1.018            2000            2535;
   116    1.027            2000            2501;
   117    1.036            2000            2466;
   118    1.045            2000            2431;
   119    1.054            2000            2395;
   120    1.063            2000            2359;
   121    1.071            2000            2323;
   122    1.080            2000            2287;
   123    1.089            2000            2250;
   124    1.098            2000            2214;
   125    1.107            2000            2177;
   126    1.116            2000            2141;
   127    1.124            2000            2105;
   128    1.133            2000            2069;
   129    1.142            2000            2033;
   130    1.151            2000            1997;
   131    1.160            2000            1962;
   132    1.169            2000            1927;
   133    1.178            2000            1893;
   134    1.186            2000            1859;
   135    1.195            2000            1826;
   136    1.204            2000            1793;
   137    1.213            2000            1761;
   138    1.222            2000            1729;
   139    1.231            2000            1699;
   140    1.240            2000            1669;
   141    1.248            2000            1640;
   142    1.257            2000            1612;
   143    1.266            2000            1585;
   144    1.275            2000            1559;
   145    1.284            2000            1534;
   146    1.293            2000            1510;
   147    1.302            2000            1487;
   148    1.310            2000            1465;
   149    1.319            2000            1444;
   150    1.328            2000            1424;
   151    1.337            2000            1406;
   152    1.346            2000            1388;
   153    1.355            2000            1372;
   154    1.364            2000            1357;
   155    1.372            2000            1344;
   156    1.381            2000            1331;
   157    1.390            2000            1320;
   158    1.399            2000            1310;
   159    1.408            2000            1302;
   160    1.417            2000            1295;
   161    1.426            2000            1289;
   162    1.434            2000            1284;
   163    1.443            2000            1280;
   164    1.452            2000            1277;
   165    1.461            2000            1275;
   166    1.470            2000            1273;
   167    1.479            2000            1273;
   168    1.488            2000            1273;
   169    1.496            2000            1273;
   170    1.505            2000            1275;
   171    1.514            2000            1279;
   172    1.523            2000            1283;
   173    1.532            2000            1287;
   174    1.541            2000            1292;
   175    1.549            2000            1298;
   176    1.558            2000            1305;
   177    1.567            2000            1312;
   178    1.576            2000            1321;
   179    1.585            2000            1329;
   180    1.594            2000            1339;
   181    1.603            2000            1349;
   182    1.611            2000            1359;
   183    1.620            2000            1371;
   184    1.629            2000            1383;
   185    1.638            2000            1395;
   186    1.647            2000            1408;
   187    1.656            2000            1421;
   188    1.665            2000            1435;
   189    1.673            2000            1450;
   190    1.682            2000            1464;
   191    1.691            2000            1480;
   192    1.700            2000            1495;
   193    1.709            2000            1511;
   194    1.718            2000            1528;
   195    1.727            2000            1545;
   196    1.735            2000            1562;
   197    1.744            2000            1579;
   198    1.753            2000            1597;
   199    1.762            2000            1615;
   200    1.771            2000            1633;
   201    1.780            2000            1651;
   202    1.789            2000            1669;
   203    1.797            2000            1687;
   204    1.806            2000            1706;
   205    1.815            2000            1724;
   206    1.824            2000            1743;
   207    1.833            2000            1762;
   208    1.842            2000            1780;
   209    1.851            2000            1798;
   210    1.859            2000            1817;
   211    1.868            2000            1835;
   212    1.877            2000            1853;
   213    1.886            2000            1870;
   214    1.895            2000            1888;
   215    1.904            2000            1905;
   216    1.913            2000            1922;
   217    1.921            2000            1939;
   218    1.930            2000            1955;
   219    1.939            2000            1971;
   220    1.948            2000            1986;
   221    1.957            2000            2001;
   222    1.966            2000            2015;
   223    1.974            2000            2029;
   224    1.983            2000            2043;
   225    1.992            2000            2056;
   226    2.001            2000            2068;
   227    2.010            2000            2080;
   228    2.019            2000            2091;
   229    2.028            2000            2102;
   230    2.036            2000            2111;
   231    2.045            2000            2121;
   232    2.054            2000            2130;
   233    2.063            2000            2138;
   234    2.072            2000            2145;
   235    2.081            2000            2152;
   236    2.090            2000            2158;
   237    2.098            2000            2163;
   238    2.107            2000            2168;
   239    2.116            2000            2172;
   240    2.125            2000            2176;
   241    2.134            2000            2178;
   242    2.143            2000            2180;
   243    2.152            2000            2182;
   244    2.160            2000            2183;
   245    2.169            2000            2183;
   246    2.178            2000            2183;
   247    2.187            2000            2183;
   248    2.196            2000            2181;
   249    2.205            2000            2178;
   250    2.214            2000            2176;
   251    2.222            2000            2172;
   252    2.231            2000            2168;
   253    2.240            2000            2164;
   254    2.249            2000            2159;
   255    2.258            2000            2153;
   256    2.267            2000            2148;
   257    2.276            2000            2141;
   258    2.284            2000            2135;
   259    2.293            2000            2127;
   260    2.302            2000            2120;
   261    2.311            2000            2112;
   262    2.320            2000            2103;
   263    2.329            2000            2094;
   264    2.338            2000            2085;
   265    2.346            2000            2076;
   266    2.355            2000            2066;
   267    2.364            2000            2056;
   268    2.373            2000            2045;
   269    2.382            2000            2035;
   270    2.391            2000            2024;
   271    2.399            2000            2013;
   272    2.408            2000            2001;
   273    2.417            2000            1990;
   274    2.426            2000            1978;
   275    2.435            2000            1967;
   276    2.444            2000            1955;
   277    2.453            2000            1943;
   278    2.461            2000            1930;
   279    2.470            2000            1918;
   280    2.479            2000            1906;
   281    2.488            2000            1894;
   282    2.497            2000            1881;
   283    2.506            2000            1869;
   284    2.515            2000            1857;
   285    2.523            2000            1845;
   286    2.532            2000            1833;
   287    2.541            2000            1821;
   288    2.550            2000            1809;
   289    2.559            2000            1797;
   290    2.568            2000            1785;
   291    2.577            2000            1773;
   292    2.585            2000            1762;
   293    2.594            2000            1751;
   294    2.603            2000            1740;
   295    2.612            2000            1729;
   296    2.621            2000            1718;
   297    2.630            2000            1708;
   298    2.639            2000            1698;
   299    2.647            2000            1688;
   300    2.656            2000            1678;
   301    2.665            2000            1669;
   302    2.674            2000            1660;
   303    2.683            2000            1651;
   304    2.692            2000            1643;
   305    2.701            2000            1635;
   306    2.709            2000            1628;
   307    2.718            2000            1620;
   308    2.727            2000            1613;
   309    2.736            2000            1607;
   310    2.745            2000            1601;
   311    2.754            2000            1595;
   312    2.763            2000            1590;
   313    2.771            2000            1585;
   314    2.780            2000            1580;
   315    2.789            2000            1576;
   316    2.798            2000            1572;
   317    2.807            2000            1569;
   318    2.816            2000            1565;
   319    2.824            2000            1563;
   320    2.833            2000            1560;
   321    2.842            2000            1558;
   322    2.851            2000            1557;
   323    2.860            2000            1555;
   324    2.869            2000            1554;
   325    2.878            2000            1554;
   326    2.886            2000            1553;
   327    2.895            2000            1553;
   328    2.904            2000            1553;
   329    2.913            2000            1553;
   330    2.922            2000            1555;
   331    2.931            2000            1557;
   332    2.940            2000            1559;
   333    2.948            2000            1561;
   334    2.957            2000            1563;
   335    2.966            2000            1566;
   336    2.975            2000            1569;
   337    2.984            2000            1572;
   338    2.993            2000            1576;
   339    3.002            2000            1580;
   340    3.010               0            1583;
   341    3.019               0            1585;
   342    3.028               0            1585;
   343    3.037               0            1582;
   344    3.046               0            1577;
   345    3.055               0            1570;
   346    3.064               0            1560;
   347    3.072               0            1549;
   348    3.081               0            1536;
   349    3.090               0            1520;
   350    3.099               0            1503;
   351    3.108               0            1483;
   352    3.117               0            1462;
   353    3.126               0            1439;
   354    3.134               0            1415;
   355    3.143               0            1388;
   356    3.152               0            1360;
   357    3.161               0            1331;
   358    3.170               0            1300;
   359    3.179               0            1267;
   360    3.188               0            1233;
   361    3.196               0            1197;
   362    3.205               0            1160;
   363    3.214               0            1121;
   364    3.223               0            1080;
   365    3.232               0            1038;
   366    3.241               0             995;
   367    3.249               0             950;
   368    3.258               0             905;
   369    3.267               0             858;
   370    3.276               0             810;
   371    3.285               0             761;
   372    3.294               0             711;
   373    3.303               0             660;
   374    3.311               0             609;
   375    3.320               0             557;
   376    3.329               0             505;
   377    3.338               0             453;
   378    3.347               0             400;
   379    3.356               0             348;
   380    3.365               0             295;
   381    3.373               0             242;
   382    3.382               0             190;
   383    3.391               0             138;
   384    3.400               0              86;
   385    3.409               0              34;
   386    3.418               0             -17;
   387    3.427               0             -67;
   388    3.435               0            -117;
   389    3.444               0            -166;
   390    3.453               0            -214;
   391    3.462               0            -261;
   392    3.471               0            -307;
   393    3.480               0            -353;
   394    3.489               0            -397;
   395    3.497               0            -440;
   396    3.506               0            -482;
   397    3.515               0            -522;
   398    3.524               0            -561;
   399    3.533               0            -599;
   400    3.542               0            -635;
   401    3.551               0            -670;
   402    3.559               0            -703;
   403    3.568               0            -735;
   404    3.577               0            -764;
   405    3.586               0            -792;
   406    3.595               0            -819;
   407    3.604               0            -844;
   408    3.613               0            -867;
   409    3.621               0            -888;
   410    3.630               0            -907;
   411    3.639               0            -924;
   412    3.648               0            -940;
   413    3.657               0            -954;
   414    3.666               0            -966;
   415    3.674               0            -976;
   416    3.683               0            -985;
   417    3.692               0            -992;
   418    3.701               0            -997;
   419    3.710               0           -1001;
   420    3.719               0           -1004;
   421    3.728               0           -1005;
   422    3.736               0           -1005;
   423    3.745               0           -1005;
   424    3.754               0           -1001;
   425    3.763               0            -996;
   426    3.772               0            -990;
   427    3.781               0            -982;
   428    3.790               0            -973;
   429    3.798               0            -962;
   430    3.807               0            -951;
   431    3.816               0            -938;
   432    3.825               0            -924;
   433    3.834               0            -908;
   434    3.843               0            -891;
   435    3.852               0            -873;
   436    3.860               0            -854;
   437    3.869               0            -834;
   438    3.878               0            -813;
   439    3.887               0            -790;
   440    3.896               0            -767;
   441    3.905               0            -742;
   442    3.914               0            -717;
   443    3.922               0            -691;
   444    3.931               0            -664;
   445    3.940               0            -637;
   446    3.949               0            -608;
   447    3.958               0            -579;
   448    3.967               0            -549;
   449    3.976               0            -519;
   450    3.984               0            -488;
   451    3.993               0            -457;
   452    4.002               0            -425;
   453    4.011               0            -394;
   454    4.020               0            -362;
   455    4.029               0            -330;
   456    4.038               0            -297;
   457    4.046               0            -265;
   458    4.055               0            -233;
   459    4.064               0            -201;
   460    4.073               0            -168;
   461    4.082               0            -137;
   462    4.091               0            -105;
   463    4.099               0             -73;
   464    4.108               0             -42;
   465    4.117               0             -11;
   466    4.126               0              19;
   467    4.135               0              49;
   468    4.144               0              79;
   469    4.153               0             108;
   470    4.161               0             136;
   471    4.170               0             164;
   472    4.179               0             191;
   473    4.188               0             217;
   474    4.197               0             243;
   475    4.206               0             267;
   476    4.215               0             291;
   477    4.223               0             315;
   478    4.232               0             337;
   479    4.241               0             358;
   480    4.250               0             379;
   481    4.259               0             398;
   482    4.268               0             416;
   483    4.277               0             433;
   484    4.285               0             449;
   485    4.294               0             464;
   486    4.303               0             478;
   487    4.312               0             491;
   488    4.321               0             502;
   489    4.330               0             513;
   490    4.339               0             522;
   491    4.347               0             530;
   492    4.356               0             537;
   493    4.365               0             543;
   494    4.374               0             547;
   495    4.383               0             550;
   496    4.392               0             552;
   497    4.401               0             554;
   498    4.409               0             554;
   499    4.418               0             554;
   500    4.427               0             551;
   501    4.436               0             548;
   502    4.445               0             543;
   503    4.454               0             537;
   504    4.463               0             530;
   505    4.471               0             522;
   506    4.480               0             513;
   507    4.489               0             504;
   508    4.498               0             493;
   509    4.507               0             481;
   510    4.516               0             469;
   511    4.524               0             456;
   512    4.533               0             442;
   513    4.542               0             427;
   514    4.551               0             412;
   515    4.560               0             396;
   516    4.569               0             380;
   517    4.578               0             364;
   518    4.586               0             347;
   519    4.595               0             330;
   520    4.604               0             313;
   521    4.613               0             296;
   522    4.622               0             278;
   523    4.631               0             260;
   524    4.640               0             242;
   525    4.648               0             224;
   526    4.657               0             206;
   527    4.666               0             188;
   528    4.675               0             170;
   529    4.684               0             152;
   530    4.693               0             134;
   531    4.702               0             116;
   532    4.710               0              99;
   533    4.719               0              81;
   534    4.728               0              64;
   535    4.737               0              47;
   536    4.746               0              31;
   537    4.755               0              14;
   538    4.764               0              -2;
   539    4.772               0             -18;
   540    4.781               0             -33;
   541    4.790               0             -48;
   542    4.799               0             -63;
   543    4.808               0             -77;
   544    4.817               0             -91;
   545    4.826               0            -104;
   546    4.834               0            -117;
   547    4.843               0            -129;
   548    4.852               0            -141;
   549    4.861               0            -152;
   550    4.870               0            -163;
   551    4.879               0            -173;
   552    4.888               0            -183;
   553    4.896               0            -193;
   554    4.905               0            -202;
   555    4.914               0            -211;
   556    4.923               0            -220;
   557    4.932               0            -228;
   558    4.941               0            -236;
   559    4.949               0            -244;
   560    4.958               0            -251;
   561    4.967               0            -259;
   562    4.976               0            -265;
   563    4.985               0            -272;
   564    4.994               0            -278;
   565    5.003               0            -284;
   566    5.011               0            -290;
   567    5.020               0            -295;
   568    5.029               0            -300;
   569    5.038               0            -304;
   570    5.047               0            -308;
   571    5.056               0            -312;
   572    5.065               0            -315;
   573    5.073               0            -318;
   574    5.082               0            -321;
   575    5.091               0            -323;
   576    5.100               0            -325;
   577    5.109               0            -327;
   578    5.118               0            -328;
   579    5.127               0            -328;
   580    5.135               0            -329;
   581    5.144               0            -329;
   582    5.153               0            -329;
   583    5.162               0            -329;
   584    5.171               0            -329;
   585    5.180               0            -327;
   586    5.189               0            -325;
   587    5.197               0            -323;
   588    5.206               0            -321;
   589    5.215               0            -318;
   590    5.224               0            -315;
   591    5.233               0            -312;
   592    5.242               0            -309;
   593    5.251               0            -305;
   594    5.259               0            -300;
   595    5.268               0            -296;
   596    5.277               0            -291;
   597    5.286               0            -286;
   598    5.295               0            -281;
   599    5.304               0            -276;
   600    5.313               0            -270;
   601    5.321               0            -265;
   602    5.330               0            -258;
   603    5.339               0            -252;
   604    5.348               0            -246;
   605    5.357               0            -239;
   606    5.366               0            -232;
   607    5.374               0            -225;
   608    5.383               0            -218;
   609    5.392               0            -211;
   610    5.401               0            -203;
   611    5.410               0            -196;
   612    5.419               0            -188;
   613    5.428               0            -181;
   614    5.436               0            -173;
   615    5.445               0            -165;
   616    5.454               0            -157;
   617    5.463               0            -149;
   618    5.472               0            -141;
   619    5.481               0            -133;
   620    5.490               0            -126;
   621    5.498               0            -118;
   622    5.507               0            -110;
   623    5.516               0            -103;
   624    5.525               0             -95;
   625    5.534               0             -88;
   626    5.543               0             -81;
   627    5.552               0             -74;
   628    5.560               0             -67;
   629    5.569               0             -60;
   630    5.578               0             -54;
   631    5.587               0             -48;
   632    5.596               0             -42;
   633    5.605               0             -36;
   634    5.614               0             -31;
   635    5.622               0             -25;
   636    5.631               0             -21;
   637    5.640               0             -16;
   638    5.649               0             -12;
   639    5.658               0              -8;
   640    5.667               0              -4;
   641    5.676               0              -1;
   642    5.684               0               2;
   643    5.693               0               5;
   644    5.702               0               7;
   645    5.711               0               9;
   646    5.720               0              11;
   647    5.729               0              12;
   648    5.738               0              14;
   649    5.746               0              15;
   650    5.755               0              15;
   651    5.764               0              15;
   652    5.773               0              15;
   653    5.782               0              15;
   654    5.791               0              15;
   655    5.799               0              14;
   656    5.808               0              13;
   657    5.817               0              11;
   658    5.826               0               9;
   659    5.835               0               7;
   660    5.844               0               4;
   661    5.853               0               1;
   662    5.861               0              -1;
   663    5.870               0              -4;
   664    5.879               0              -8;
   665    5.888               0             -11;
   666    5.897               0             -15;
   667    5.906               0             -19;
   668    5.915               0             -23;
   669    5.923               0             -27;
   670    5.932               0             -32;
   671    5.941               0             -36;
   672    5.950               0             -41;
   673    5.959               0             -46;
   674    5.968               0             -51;
   675    5.977               0             -56;
   676    5.985               0             -61;
   677    5.994               0             -67]
